run,variable,2025-01-01,2025-01-31,2025-02-01,2025-02-28,2025-03-01,2025-03-31,2025-04-30,2025-05-31,2025-06-30,2025-07-31,2025-08-31,2025-09-30,2025-10-31,2025-11-30,2025-12-31,2026-01-31,2026-02-28,2026-03-31,2026-04-30,2026-05-31,2026-06-30,2026-07-31,2026-08-31,2026-09-30,2026-10-31,2026-11-30,2026-12-31
base,Quantity,,100.0,,95.0,,90.0,100.0,95.0,90.0,100.0,95.0,90.0,100.0,95.0,90.0,100.0,95.0,90.0,100.0,95.0,90.0,100.0,95.0,90.0,100.0,95.0,90.0
base,Price,,10.0,,10.0,,9.8,10.0,10.0,9.8,10.0,10.0,9.8,10.0,10.0,9.8,10.0,10.0,9.8,10.0,10.0,9.8,10.0,10.0,9.8,10.0,10.0,9.8
base,DSO,60.0,,60.0,,60.0,,,,,,,,,,,,,,,,,,,,,,
best,Quantity,,120.0,,130.0,,140.0,120.0,130.0,140.0,120.0,130.0,140.0,120.0,130.0,140.0,120.0,130.0,140.0,120.0,130.0,140.0,120.0,130.0,140.0,120.0,130.0,140.0
best,Price,,9.2,,9.0,,8.8,9.2,9.0,8.8,9.2,9.0,8.8,9.2,9.0,8.8,9.2,9.0,8.8,9.2,9.0,8.8,9.2,9.0,8.8,9.2,9.0,8.8
best,DSO,45.0,,45.0,,45.0,,,,,,,,,,,,,,,,,,,,,,
worst,Quantity,,80.0,,70.0,,75.0,80.0,70.0,75.0,80.0,70.0,75.0,80.0,70.0,75.0,80.0,70.0,75.0,80.0,70.0,75.0,80.0,70.0,75.0,80.0,70.0,75.0
worst,Price,,11.5,,12.0,,12.3,11.5,12.0,12.3,11.5,12.0,12.3,11.5,12.0,12.3,11.5,12.0,12.3,11.5,12.0,12.3,11.5,12.0,12.3,11.5,12.0,12.3
worst,DSO,90.0,,90.0,,90.0,,,,,,,,,,,,,,,,,,,,,,
1,Quantity,,100.0,,130.0,,90.0,100.0,95.0,90.0,90.0,95.0,80.0,110.0,95.0,75.0,80.0,125.0,80.0,80.0,80.0,75.0,100.0,95.0,80.0,90.0,95.0,90.0
1,Price,,10.0,,9.0,,9.8,10.0,10.0,9.8,10.5,10.0,11.0,9.5,10.0,12.3,11.5,9.5,11.0,11.5,11.0,12.3,10.0,10.0,11.0,10.5,10.0,9.8
1,DSO,45.0,,60.0,,60.0,,,,,,,,,,,,,,,,,,,,,,
2,Quantity,,100.0,,95.0,,80.0,110.0,95.0,140.0,100.0,95.0,140.0,100.0,125.0,90.0,110.0,80.0,90.0,100.0,130.0,140.0,100.0,70.0,100.0,100.0,80.0,90.0
2,Price,,10.0,,10.0,,11.0,9.5,10.0,8.8,10.0,10.0,8.8,10.0,9.5,9.8,9.5,11.0,9.8,10.0,9.0,8.8,10.0,12.0,9.0,10.0,11.0,9.8
2,DSO,60.0,,90.0,,90.0,,,,,,,,,,,,,,,,,,,,,,
3,Quantity,,80.0,,95.0,,90.0,90.0,70.0,90.0,110.0,125.0,90.0,100.0,70.0,140.0,100.0,95.0,90.0,110.0,95.0,90.0,80.0,125.0,90.0,100.0,95.0,100.0
3,Price,,11.5,,10.0,,9.8,10.5,12.0,9.8,9.5,9.5,9.8,10.0,12.0,8.8,10.0,10.0,9.8,9.5,10.0,9.8,11.5,9.5,9.8,10.0,10.0,9.0
3,DSO,90.0,,60.0,,60.0,,,,,,,,,,,,,,,,,,,,,,
4,Quantity,,120.0,,70.0,,100.0,100.0,125.0,75.0,100.0,80.0,90.0,80.0,95.0,90.0,100.0,95.0,140.0,100.0,95.0,90.0,110.0,95.0,90.0,110.0,130.0,75.0
4,Price,,9.2,,12.0,,9.0,10.0,9.5,12.3,10.0,11.0,9.8,11.5,10.0,9.8,10.0,10.0,8.8,10.0,10.0,9.8,9.5,10.0,9.8,9.5,9.0,12.3
4,DSO,60.0,,60.0,,45.0,,,,,,,,,,,,,,,,,,,,,,
5,Quantity,,90.0,,70.0,,90.0,80.0,80.0,90.0,100.0,130.0,90.0,100.0,125.0,90.0,100.0,95.0,100.0,110.0,70.0,80.0,100.0,125.0,90.0,120.0,95.0,100.0
5,Price,,10.5,,12.0,,9.8,11.5,11.0,9.8,10.0,9.0,9.8,10.0,9.5,9.8,10.0,10.0,9.0,9.5,12.0,11.0,10.0,9.5,9.8,9.2,10.0,9.0
5,DSO,60.0,,60.0,,60.0,,,,,,,,,,,,,,,,,,,,,,
6,Quantity,,110.0,,95.0,,75.0,100.0,130.0,75.0,80.0,70.0,90.0,80.0,95.0,100.0,100.0,95.0,90.0,100.0,125.0,100.0,100.0,95.0,90.0,100.0,125.0,80.0
6,Price,,9.5,,10.0,,12.3,10.0,9.0,12.3,11.5,12.0,9.8,11.5,10.0,9.0,10.0,10.0,9.8,10.0,9.5,9.0,10.0,10.0,9.8,10.0,9.5,11.0
6,DSO,90.0,,45.0,,60.0,,,,,,,,,,,,,,,,,,,,,,
7,Quantity,,100.0,,95.0,,90.0,100.0,95.0,90.0,100.0,95.0,100.0,120.0,95.0,90.0,120.0,70.0,90.0,90.0,95.0,90.0,90.0,95.0,100.0,100.0,95.0,90.0
7,Price,,10.0,,10.0,,9.8,10.0,10.0,9.8,10.0,10.0,9.0,9.2,10.0,9.8,9.2,12.0,9.8,10.5,10.0,9.8,10.5,10.0,9.0,10.0,10.0,9.8
7,DSO,60.0,,60.0,,60.0,,,,,,,,,,,,,,,,,,,,,,
8,Quantity,,100.0,,125.0,,100.0,120.0,95.0,100.0,120.0,95.0,75.0,100.0,70.0,80.0,90.0,130.0,75.0,100.0,95.0,90.0,120.0,70.0,75.0,80.0,70.0,90.0
8,Price,,10.0,,9.5,,9.0,9.2,10.0,9.0,9.2,10.0,12.3,10.0,12.0,11.0,10.5,9.0,12.3,10.0,10.0,9.8,9.2,12.0,12.3,11.5,12.0,9.8
8,DSO,60.0,,60.0,,60.0,,,,,,,,,,,,,,,,,,,,,,
9,Quantity,,80.0,,95.0,,140.0,80.0,80.0,90.0,100.0,95.0,80.0,90.0,95.0,100.0,100.0,95.0,140.0,110.0,95.0,80.0,100.0,95.0,90.0,100.0,95.0,90.0
9,Price,,11.5,,10.0,,8.8,11.5,11.0,9.8,10.0,10.0,11.0,10.5,10.0,9.0,10.0,10.0,8.8,9.5,10.0,11.0,10.0,10.0,9.8,10.0,10.0,9.8
9,DSO,60.0,,60.0,,90.0,,,,,,,,,,,,,,,,,,,,,,
10,Quantity,,120.0,,70.0,,90.0,100.0,130.0,75.0,110.0,95.0,140.0,100.0,70.0,90.0,100.0,95.0,90.0,100.0,95.0,100.0,100.0,70.0,90.0,120.0,80.0,90.0
10,Price,,9.2,,12.0,,9.8,10.0,9.0,12.3,9.5,10.0,8.8,10.0,12.0,9.8,10.0,10.0,9.8,10.0,10.0,9.0,10.0,12.0,9.8,9.2,11.0,9.8
10,DSO,60.0,,60.0,,60.0,,,,,,,,,,,,,,,,,,,,,,
11,Quantity,,100.0,,125.0,,80.0,100.0,95.0,90.0,100.0,70.0,90.0,100.0,130.0,75.0,120.0,125.0,90.0,80.0,80.0,90.0,120.0,130.0,100.0,80.0,95.0,75.0
11,Price,,10.0,,9.5,,11.0,10.0,10.0,9.8,10.0,12.0,9.8,10.0,9.0,12.3,9.2,9.5,9.8,11.5,11.0,9.8,9.2,9.0,9.0,11.5,10.0,12.3
11,DSO,90.0,,90.0,,45.0,,,,,,,,,,,,,,,,,,,,,,
12,Quantity,,100.0,,95.0,,90.0,120.0,95.0,100.0,90.0,130.0,90.0,120.0,95.0,90.0,90.0,80.0,80.0,100.0,125.0,90.0,90.0,95.0,75.0,100.0,130.0,100.0
12,Price,,10.0,,10.0,,9.8,9.2,10.0,9.0,10.5,9.0,9.8,9.2,10.0,9.8,10.5,11.0,11.0,10.0,9.5,9.8,10.5,10.0,12.3,10.0,9.0,9.0
12,DSO,60.0,,45.0,,60.0,,,,,,,,,,,,,,,,,,,,,,
13,Quantity,,100.0,,95.0,,100.0,100.0,95.0,90.0,110.0,80.0,90.0,100.0,80.0,90.0,80.0,70.0,75.0,80.0,95.0,75.0,100.0,125.0,80.0,100.0,95.0,80.0
13,Price,,10.0,,10.0,,9.0,10.0,10.0,9.8,9.5,11.0,9.8,10.0,11.0,9.8,11.5,12.0,12.3,11.5,10.0,12.3,10.0,9.5,11.0,10.0,10.0,11.0
13,DSO,60.0,,60.0,,60.0,,,,,,,,,,,,,,,,,,,,,,
14,Quantity,,100.0,,130.0,,90.0,110.0,95.0,140.0,100.0,125.0,90.0,110.0,95.0,80.0,110.0,130.0,90.0,100.0,95.0,140.0,100.0,95.0,140.0,90.0,125.0,140.0
14,Price,,10.0,,9.0,,9.8,9.5,10.0,8.8,10.0,9.5,9.8,9.5,10.0,11.0,9.5,9.0,9.8,10.0,10.0,8.8,10.0,10.0,8.8,10.5,9.5,8.8
14,DSO,60.0,,60.0,,45.0,,,,,,,,,,,,,,,,,,,,,,
15,Quantity,,90.0,,80.0,,75.0,90.0,70.0,90.0,80.0,95.0,100.0,80.0,95.0,90.0,100.0,95.0,90.0,120.0,70.0,90.0,110.0,95.0,90.0,110.0,95.0,90.0
15,Price,,10.5,,11.0,,12.3,10.5,12.0,9.8,11.5,10.0,9.0,11.5,10.0,9.8,10.0,10.0,9.8,9.2,12.0,9.8,9.5,10.0,9.8,9.5,10.0,9.8
15,DSO,60.0,,60.0,,60.0,,,,,,,,,,,,,,,,,,,,,,
16,Quantity,,110.0,,95.0,,90.0,100.0,125.0,80.0,100.0,95.0,75.0,100.0,125.0,100.0,100.0,95.0,100.0,100.0,125.0,90.0,80.0,80.0,90.0,100.0,70.0,90.0
16,Price,,9.5,,10.0,,9.8,10.0,9.5,11.0,10.0,10.0,12.3,10.0,9.5,9.0,10.0,10.0,9.0,10.0,9.5,9.8,11.5,11.0,9.8,10.0,12.0,9.8
16,DSO,45.0,,90.0,,60.0,,,,,,,,,,,,,,,,,,,,,,
17,Quantity,,80.0,,95.0,,90.0,110.0,70.0,75.0,80.0,95.0,90.0,100.0,130.0,90.0,80.0,95.0,90.0,120.0,80.0,100.0,80.0,80.0,140.0,100.0,95.0,90.0
17,Price,,11.5,,10.0,,9.8,9.5,12.0,12.3,11.5,10.0,9.8,10.0,9.0,9.8,11.5,10.0,9.8,9.2,11.0,9.0,11.5,11.0,8.8,10.0,10.0,9.8
17,DSO,45.0,,60.0,,45.0,,,,,,,,,,,,,,,,,,,,,,
18,Quantity,,110.0,,125.0,,100.0,100.0,125.0,90.0,100.0,95.0,90.0,120.0,95.0,140.0,110.0,95.0,80.0,100.0,130.0,75.0,120.0,95.0,75.0,80.0,70.0,90.0
18,Price,,9.5,,9.5,,9.0,10.0,9.5,9.8,10.0,10.0,9.8,9.2,10.0,8.8,9.5,10.0,11.0,10.0,9.0,12.3,9.2,10.0,12.3,11.5,12.0,9.8
18,DSO,60.0,,60.0,,60.0,,,,,,,,,,,,,,,,,,,,,,
19,Quantity,,100.0,,70.0,,90.0,100.0,95.0,100.0,120.0,125.0,100.0,90.0,95.0,90.0,100.0,125.0,140.0,80.0,95.0,90.0,100.0,95.0,90.0,110.0,95.0,140.0
19,Price,,10.0,,12.0,,9.8,10.0,10.0,9.0,9.2,9.5,9.0,10.5,10.0,9.8,10.0,9.5,8.8,11.5,10.0,9.8,10.0,10.0,9.8,9.5,10.0,8.8
19,DSO,60.0,,45.0,,90.0,,,,,,,,,,,,,,,,,,,,,,
20,Quantity,,100.0,,95.0,,75.0,90.0,95.0,90.0,100.0,80.0,75.0,100.0,70.0,75.0,100.0,70.0,90.0,100.0,95.0,90.0,100.0,125.0,90.0,100.0,125.0,75.0
20,Price,,10.0,,10.0,,12.3,10.5,10.0,9.8,10.0,11.0,12.3,10.0,12.0,12.3,10.0,12.0,9.8,10.0,10.0,9.8,10.0,9.5,9.8,10.0,9.5,12.3
20,DSO,60.0,,60.0,,60.0,,,,,,,,,,,,,,,,,,,,,,
21,Quantity,,100.0,,95.0,,90.0,100.0,95.0,140.0,100.0,125.0,80.0,80.0,95.0,80.0,100.0,70.0,90.0,90.0,70.0,100.0,80.0,95.0,90.0,100.0,95.0,100.0
21,Price,,10.0,,10.0,,9.8,10.0,10.0,8.8,10.0,9.5,11.0,11.5,10.0,11.0,10.0,12.0,9.8,10.5,12.0,9.0,11.5,10.0,9.8,10.0,10.0,9.0
21,DSO,60.0,,60.0,,60.0,,,,,,,,,,,,,,,,,,,,,,
22,Quantity,,100.0,,80.0,,140.0,80.0,95.0,90.0,90.0,70.0,100.0,100.0,125.0,90.0,100.0,130.0,100.0,100.0,125.0,75.0,110.0,130.0,90.0,120.0,130.0,75.0
22,Price,,10.0,,11.0,,8.8,11.5,10.0,9.8,10.5,12.0,9.0,10.0,9.5,9.8,10.0,9.0,9.0,10.0,9.5,12.3,9.5,9.0,9.8,9.2,9.0,12.3
22,DSO,90.0,,60.0,,60.0,,,,,,,,,,,,,,,,,,,,,,
23,Quantity,,80.0,,125.0,,90.0,120.0,80.0,80.0,100.0,95.0,90.0,100.0,80.0,100.0,110.0,95.0,75.0,110.0,95.0,90.0,100.0,70.0,75.0,80.0,95.0,90.0
23,Price,,11.5,,9.5,,9.8,9.2,11.0,11.0,10.0,10.0,9.8,10.0,11.0,9.0,9.5,10.0,12.3,9.5,10.0,9.8,10.0,12.0,12.3,11.5,10.0,9.8
23,DSO,60.0,,90.0,,60.0,,,,,,,,,,,,,,,,,,,,,,
24,Quantity,,120.0,,95.0,,80.0,100.0,130.0,90.0,110.0,95.0,90.0,110.0,95.0,90.0,90.0,95.0,90.0,100.0,95.0,90.0,100.0,95.0,100.0,100.0,80.0,90.0
24,Price,,9.2,,10.0,,11.0,10.0,9.0,9.8,9.5,10.0,9.8,9.5,10.0,9.8,10.5,10.0,9.8,10.0,10.0,9.8,10.0,10.0,9.0,10.0,11.0,9.8
24,DSO,60.0,,45.0,,60.0,,,,,,,,,,,,,,,,,,,,,,
25,Quantity,,100.0,,80.0,,75.0,100.0,95.0,140.0,100.0,95.0,90.0,100.0,80.0,90.0,100.0,125.0,90.0,90.0,95.0,140.0,110.0,70.0,90.0,120.0,95.0,90.0
25,Price,,10.0,,11.0,,12.3,10.0,10.0,8.8,10.0,10.0,9.8,10.0,11.0,9.8,10.0,9.5,9.8,10.5,10.0,8.8,9.5,12.0,9.8,9.2,10.0,9.8
25,DSO,60.0,,90.0,,60.0,,,,,,,,,,,,,,,,,,,,,,
26,Quantity,,100.0,,95.0,,90.0,80.0,95.0,90.0,120.0,95.0,90.0,80.0,95.0,75.0,100.0,80.0,140.0,100.0,95.0,75.0,80.0,95.0,90.0,100.0,70.0,90.0
26,Price,,10.0,,10.0,,9.8,11.5,10.0,9.8,9.2,10.0,9.8,11.5,10.0,12.3,10.0,11.0,8.8,10.0,10.0,12.3,11.5,10.0,9.8,10.0,12.0,9.8
26,DSO,60.0,,60.0,,45.0,,,,,,,,,,,,,,,,,,,,,,
27,Quantity,,90.0,,95.0,,100.0,110.0,80.0,80.0,100.0,70.0,100.0,110.0,95.0,90.0,120.0,95.0,75.0,110.0,70.0,90.0,100.0,95.0,75.0,100.0,95.0,80.0
27,Price,,10.5,,10.0,,9.0,9.5,11.0,11.0,10.0,12.0,9.0,9.5,10.0,9.8,9.2,10.0,12.3,9.5,12.0,9.8,10.0,10.0,12.3,10.0,10.0,11.0
27,DSO,90.0,,60.0,,60.0,,,,,,,,,,,,,,,,,,,,,,
28,Quantity,,110.0,,130.0,,90.0,100.0,130.0,90.0,80.0,130.0,75.0,100.0,125.0,140.0,90.0,95.0,90.0,100.0,130.0,90.0,100.0,130.0,100.0,80.0,125.0,140.0
28,Price,,9.5,,9.0,,9.8,10.0,9.0,9.8,11.5,9.0,12.3,10.0,9.5,8.8,10.5,10.0,9.8,10.0,9.0,9.8,10.0,9.0,9.0,11.5,9.5,8.8
28,DSO,60.0,,60.0,,90.0,,,,,,,,,,,,,,,,,,,,,,
29,Quantity,,80.0,,125.0,,80.0,110.0,70.0,75.0,110.0,80.0,80.0,110.0,95.0,100.0,80.0,95.0,90.0,120.0,95.0,100.0,120.0,95.0,140.0,90.0,95.0,75.0
29,Price,,11.5,,9.5,,11.0,9.5,12.0,12.3,9.5,11.0,11.0,9.5,10.0,9.0,11.5,10.0,9.8,9.2,10.0,9.0,9.2,10.0,8.8,10.5,10.0,12.3
29,DSO,60.0,,45.0,,60.0,,,,,,,,,,,,,,,,,,,,,,
30,Quantity,,110.0,,95.0,,90.0,100.0,125.0,90.0,100.0,125.0,140.0,100.0,70.0,90.0,110.0,95.0,75.0,100.0,95.0,80.0,90.0,125.0,80.0,100.0,130.0,100.0
30,Price,,9.5,,10.0,,9.8,10.0,9.5,9.8,10.0,9.5,8.8,10.0,12.0,9.8,9.5,10.0,12.3,10.0,10.0,11.0,10.5,9.5,11.0,10.0,9.0,9.0
30,DSO,90.0,,60.0,,60.0,,,,,,,,,,,,,,,,,,,,,,
31,Quantity,,100.0,,95.0,,140.0,100.0,95.0,100.0,90.0,95.0,90.0,100.0,130.0,80.0,100.0,70.0,100.0,80.0,70.0,90.0,100.0,80.0,90.0,100.0,95.0,90.0
31,Price,,10.0,,10.0,,8.8,10.0,10.0,9.0,10.5,10.0,9.8,10.0,9.0,11.0,10.0,12.0,9.0,11.5,12.0,9.8,10.0,11.0,9.8,10.0,10.0,9.8
31,DSO,60.0,,60.0,,45.0,,,,,,,,,,,,,,,,,,,,,,
32,Quantity,,100.0,,70.0,,90.0,80.0,95.0,90.0,100.0,95.0,90.0,90.0,95.0,90.0,100.0,130.0,90.0,100.0,125.0,90.0,100.0,95.0,90.0,110.0,80.0,90.0
32,Price,,10.0,,12.0,,9.8,11.5,10.0,9.8,10.0,10.0,9.8,10.5,10.0,9.8,10.0,9.0,9.8,10.0,9.5,9.8,10.0,10.0,9.8,9.5,11.0,9.8
32,DSO,45.0,,60.0,,60.0,,,,,,,,,,,,,,,,,,,,,,
33,Quantity,,80.0,,95.0,,90.0,100.0,95.0,90.0,80.0,70.0,90.0,100.0,95.0,100.0,80.0,130.0,75.0,100.0,130.0,90.0,100.0,130.0,90.0,80.0,95.0,90.0
33,Price,,11.5,,10.0,,9.8,10.0,10.0,9.8,11.5,12.0,9.8,10.0,10.0,9.0,11.5,9.0,12.3,10.0,9.0,9.8,10.0,9.0,9.8,11.5,10.0,9.8
33,DSO,45.0,,90.0,,60.0,,,,,,,,,,,,,,,,,,,,,,
34,Quantity,,120.0,,125.0,,100.0,90.0,95.0,75.0,100.0,130.0,90.0,90.0,70.0,90.0,110.0,70.0,90.0,110.0,80.0,90.0,100.0,95.0,90.0,100.0,70.0,90.0
34,Price,,9.2,,9.5,,9.0,10.5,10.0,12.3,10.0,9.0,9.8,10.5,12.0,9.8,9.5,12.0,9.8,9.5,11.0,9.8,10.0,10.0,9.8,10.0,12.0,9.8
34,DSO,60.0,,45.0,,60.0,,,,,,,,,,,,,,,,,,,,,,
35,Quantity,,100.0,,80.0,,90.0,110.0,130.0,90.0,110.0,95.0,75.0,120.0,130.0,80.0,100.0,95.0,90.0,100.0,95.0,75.0,110.0,95.0,100.0,100.0,95.0,140.0
35,Price,,10.0,,11.0,,9.8,9.5,9.0,9.8,9.5,10.0,12.3,9.2,9.0,11.0,10.0,10.0,9.8,10.0,10.0,12.3,9.5,10.0,9.0,10.0,10.0,8.8
35,DSO,90.0,,60.0,,60.0,,,,,,,,,,,,,,,,,,,,,,
36,Quantity,,100.0,,95.0,,75.0,100.0,80.0,100.0,100.0,95.0,100.0,100.0,95.0,90.0,100.0,95.0,140.0,90.0,95.0,140.0,90.0,70.0,80.0,110.0,125.0,80.0
36,Price,,10.0,,10.0,,12.3,10.0,11.0,9.0,10.0,10.0,9.0,10.0,10.0,9.8,10.0,10.0,8.8,10.5,10.0,8.8,10.5,12.0,11.0,9.5,9.5,11.0
36,DSO,60.0,,60.0,,60.0,,,,,,,,,,,,,,,,,,,,,,
37,Quantity,,100.0,,95.0,,90.0,120.0,125.0,90.0,100.0,95.0,140.0,110.0,80.0,90.0,100.0,95.0,100.0,100.0,125.0,90.0,100.0,95.0,75.0,110.0,95.0,100.0
37,Price,,10.0,,10.0,,9.8,9.2,9.5,9.8,10.0,10.0,8.8,9.5,11.0,9.8,10.0,10.0,9.0,10.0,9.5,9.8,10.0,10.0,12.3,9.5,10.0,9.0
37,DSO,60.0,,60.0,,45.0,,,,,,,,,,,,,,,,,,,,,,
38,Quantity,,100.0,,70.0,,140.0,100.0,70.0,100.0,80.0,95.0,75.0,100.0,95.0,75.0,100.0,95.0,90.0,80.0,70.0,90.0,100.0,80.0,100.0,100.0,130.0,75.0
38,Price,,10.0,,12.0,,8.8,10.0,12.0,9.0,11.5,10.0,12.3,10.0,10.0,12.3,10.0,10.0,9.8,11.5,12.0,9.8,10.0,11.0,9.0,10.0,9.0,12.3
38,DSO,90.0,,90.0,,60.0,,,,,,,,,,,,,,,,,,,,,,
39,Quantity,,90.0,,125.0,,90.0,100.0,95.0,90.0,100.0,70.0,90.0,100.0,95.0,90.0,120.0,70.0,90.0,100.0,95.0,80.0,110.0,125.0,90.0,100.0,95.0,90.0
39,Price,,10.5,,9.5,,9.8,10.0,10.0,9.8,10.0,12.0,9.8,10.0,10.0,9.8,9.2,12.0,9.8,10.0,10.0,11.0,9.5,9.5,9.8,10.0,10.0,9.8
39,DSO,60.0,,60.0,,90.0,,,,,,,,,,,,,,,,,,,,,,
40,Quantity,,110.0,,95.0,,80.0,80.0,95.0,80.0,120.0,125.0,90.0,80.0,125.0,140.0,80.0,125.0,75.0,120.0,95.0,100.0,80.0,95.0,90.0,80.0,80.0,90.0
40,Price,,9.5,,10.0,,11.0,11.5,10.0,11.0,9.2,9.5,9.8,11.5,9.5,8.8,11.5,9.5,12.3,9.2,10.0,9.0,11.5,10.0,9.8,11.5,11.0,9.8
40,DSO,60.0,,60.0,,60.0,,,,,,,,,,,,,,,,,,,,,,
41,Quantity,,100.0,,70.0,,75.0,110.0,125.0,90.0,100.0,125.0,90.0,100.0,95.0,80.0,100.0,95.0,140.0,100.0,95.0,90.0,100.0,125.0,75.0,100.0,95.0,90.0
41,Price,,10.0,,12.0,,12.3,9.5,9.5,9.8,10.0,9.5,9.8,10.0,10.0,11.0,10.0,10.0,8.8,10.0,10.0,9.8,10.0,9.5,12.3,10.0,10.0,9.8
41,DSO,60.0,,60.0,,60.0,,,,,,,,,,,,,,,,,,,,,,
42,Quantity,,100.0,,95.0,,90.0,100.0,70.0,140.0,110.0,80.0,90.0,110.0,125.0,90.0,100.0,95.0,90.0,80.0,95.0,90.0,100.0,95.0,100.0,110.0,70.0,90.0
42,Price,,10.0,,10.0,,9.8,10.0,12.0,8.8,9.5,11.0,9.8,9.5,9.5,9.8,10.0,10.0,9.8,11.5,10.0,9.8,10.0,10.0,9.0,9.5,12.0,9.8
42,DSO,60.0,,60.0,,60.0,,,,,,,,,,,,,,,,,,,,,,
43,Quantity,,80.0,,95.0,,100.0,100.0,95.0,90.0,100.0,95.0,75.0,80.0,80.0,100.0,110.0,130.0,90.0,100.0,125.0,80.0,80.0,95.0,90.0,90.0,95.0,80.0
43,Price,,11.5,,10.0,,9.0,10.0,10.0,9.8,10.0,10.0,12.3,11.5,11.0,9.0,9.5,9.0,9.8,10.0,9.5,11.0,11.5,10.0,9.8,10.5,10.0,11.0
43,DSO,90.0,,60.0,,45.0,,,,,,,,,,,,,,,,,,,,,,
44,Quantity,,120.0,,125.0,,90.0,80.0,95.0,80.0,90.0,95.0,100.0,100.0,95.0,90.0,90.0,70.0,80.0,120.0,80.0,100.0,110.0,80.0,90.0,100.0,125.0,140.0
44,Price,,9.2,,9.5,,9.8,11.5,10.0,11.0,10.5,10.0,9.0,10.0,10.0,9.8,10.5,12.0,11.0,9.2,11.0,9.0,9.5,11.0,9.8,10.0,9.5,8.8
44,DSO,60.0,,90.0,,60.0,,,,,,,,,,,,,,,,,,,,,,
45,Quantity,,90.0,,130.0,,80.0,100.0,95.0,90.0,120.0,95.0,140.0,80.0,130.0,90.0,80.0,80.0,75.0,100.0,95.0,90.0,100.0,95.0,90.0,100.0,95.0,75.0
45,Price,,10.5,,9.0,,11.0,10.0,10.0,9.8,9.2,10.0,8.8,11.5,9.0,9.8,11.5,11.0,12.3,10.0,10.0,9.8,10.0,10.0,9.8,10.0,10.0,12.3
45,DSO,60.0,,60.0,,60.0,,,,,,,,,,,,,,,,,,,,,,
46,Quantity,,110.0,,95.0,,90.0,80.0,95.0,75.0,100.0,95.0,80.0,100.0,95.0,140.0,110.0,125.0,90.0,110.0,95.0,90.0,100.0,70.0,90.0,80.0,130.0,100.0
46,Price,,9.5,,10.0,,9.8,11.5,10.0,12.3,10.0,10.0,11.0,10.0,10.0,8.8,9.5,9.5,9.8,9.5,10.0,9.8,10.0,12.0,9.8,11.5,9.0,9.0
46,DSO,90.0,,60.0,,45.0,,,,,,,,,,,,,,,,,,,,,,
47,Quantity,,100.0,,95.0,,140.0,110.0,125.0,90.0,80.0,130.0,90.0,100.0,95.0,90.0,100.0,95.0,90.0,100.0,125.0,75.0,90.0,130.0,140.0,120.0,95.0,90.0
47,Price,,10.0,,10.0,,8.8,9.5,9.5,9.8,11.5,9.0,9.8,10.0,10.0,9.8,10.0,10.0,9.8,10.0,9.5,12.3,10.5,9.0,8.8,9.2,10.0,9.8
47,DSO,60.0,,60.0,,60.0,,,,,,,,,,,,,,,,,,,,,,
48,Quantity,,100.0,,80.0,,90.0,100.0,70.0,100.0,100.0,70.0,90.0,120.0,70.0,75.0,100.0,95.0,100.0,90.0,70.0,140.0,120.0,95.0,80.0,100.0,80.0,90.0
48,Price,,10.0,,11.0,,9.8,10.0,12.0,9.0,10.0,12.0,9.8,9.2,12.0,12.3,10.0,10.0,9.0,10.5,12.0,8.8,9.2,10.0,11.0,10.0,11.0,9.8
48,DSO,45.0,,45.0,,90.0,,,,,,,,,,,,,,,,,,,,,,
49,Quantity,,100.0,,125.0,,90.0,90.0,130.0,140.0,80.0,70.0,140.0,80.0,80.0,90.0,80.0,95.0,90.0,100.0,130.0,90.0,110.0,95.0,90.0,100.0,95.0,90.0
49,Price,,10.0,,9.5,,9.8,10.5,9.0,8.8,11.5,12.0,8.8,11.5,11.0,9.8,11.5,10.0,9.8,10.0,9.0,9.8,9.5,10.0,9.8,10.0,10.0,9.8
49,DSO,60.0,,60.0,,60.0,,,,,,,,,,,,,,,,,,,,,,
50,Quantity,,100.0,,95.0,,80.0,100.0,80.0,90.0,100.0,125.0,80.0,100.0,95.0,80.0,110.0,95.0,80.0,90.0,80.0,90.0,80.0,130.0,90.0,80.0,70.0,90.0
50,Price,,10.0,,10.0,,11.0,10.0,11.0,9.8,10.0,9.5,11.0,10.0,10.0,11.0,9.5,10.0,11.0,10.5,11.0,9.8,11.5,9.0,9.8,11.5,12.0,9.8
50,DSO,60.0,,60.0,,60.0,,,,,,,,,,,,,,,,,,,,,,
51,Quantity,,90.0,,95.0,,90.0,100.0,95.0,80.0,120.0,95.0,90.0,100.0,95.0,90.0,100.0,130.0,100.0,100.0,95.0,100.0,100.0,70.0,75.0,120.0,95.0,100.0
51,Price,,10.5,,10.0,,9.8,10.0,10.0,11.0,9.2,10.0,9.8,10.0,10.0,9.8,10.0,9.0,9.0,10.0,10.0,9.0,10.0,12.0,12.3,9.2,10.0,9.0
51,DSO,60.0,,90.0,,60.0,,,,,,,,,,,,,,,,,,,,,,
52,Quantity,,110.0,,70.0,,140.0,110.0,95.0,90.0,100.0,95.0,90.0,110.0,125.0,100.0,100.0,70.0,90.0,110.0,95.0,80.0,100.0,95.0,140.0,100.0,125.0,75.0
52,Price,,9.5,,12.0,,8.8,9.5,10.0,9.8,10.0,10.0,9.8,9.5,9.5,9.0,10.0,12.0,9.8,9.5,10.0,11.0,10.0,10.0,8.8,10.0,9.5,12.3
52,DSO,60.0,,60.0,,60.0,,,,,,,,,,,,,,,,,,,,,,
53,Quantity,,80.0,,70.0,,90.0,100.0,95.0,75.0,100.0,95.0,90.0,100.0,95.0,140.0,100.0,80.0,90.0,100.0,125.0,90.0,120.0,80.0,100.0,100.0,95.0,100.0
53,Price,,11.5,,12.0,,9.8,10.0,10.0,12.3,10.0,10.0,9.8,10.0,10.0,8.8,10.0,11.0,9.8,10.0,9.5,9.8,9.2,11.0,9.0,10.0,10.0,9.0
53,DSO,60.0,,60.0,,60.0,,,,,,,,,,,,,,,,,,,,,,
54,Quantity,,120.0,,95.0,,75.0,120.0,95.0,90.0,90.0,95.0,90.0,110.0,70.0,90.0,100.0,125.0,100.0,110.0,70.0,90.0,90.0,95.0,75.0,110.0,125.0,80.0
54,Price,,9.2,,10.0,,12.3,9.2,10.0,9.8,10.5,10.0,9.8,9.5,12.0,9.8,10.0,9.5,9.0,9.5,12.0,9.8,10.5,10.0,12.3,9.5,9.5,11.0
54,DSO,90.0,,60.0,,90.0,,,,,,,,,,,,,,,,,,,,,,
55,Quantity,,100.0,,95.0,,90.0,80.0,125.0,100.0,100.0,80.0,75.0,90.0,130.0,75.0,120.0,95.0,75.0,100.0,95.0,140.0,100.0,95.0,90.0,90.0,95.0,90.0
55,Price,,10.0,,10.0,,9.8,11.5,9.5,9.0,10.0,11.0,12.3,10.5,9.0,12.3,9.2,10.0,12.3,10.0,10.0,8.8,10.0,10.0,9.8,10.5,10.0,9.8
55,DSO,60.0,,45.0,,60.0,,,,,,,,,,,,,,,,,,,,,,
56,Quantity,,100.0,,130.0,,100.0,100.0,70.0,90.0,110.0,125.0,100.0,100.0,95.0,90.0,90.0,95.0,90.0,80.0,95.0,75.0,100.0,125.0,90.0,100.0,70.0,90.0
56,Price,,10.0,,9.0,,9.0,10.0,12.0,9.8,9.5,9.5,9.0,10.0,10.0,9.8,10.5,10.0,9.8,11.5,10.0,12.3,10.0,9.5,9.8,10.0,12.0,9.8
56,DSO,60.0,,60.0,,45.0,,,,,,,,,,,,,,,,,,,,,,
57,Quantity,,90.0,,95.0,,100.0,100.0,95.0,75.0,100.0,125.0,140.0,120.0,125.0,90.0,100.0,125.0,90.0,100.0,95.0,90.0,90.0,95.0,100.0,110.0,95.0,90.0
57,Price,,10.5,,10.0,,9.0,10.0,10.0,12.3,10.0,9.5,8.8,9.2,9.5,9.8,10.0,9.5,9.8,10.0,10.0,9.8,10.5,10.0,9.0,9.5,10.0,9.8
57,DSO,60.0,,45.0,,60.0,,,,,,,,,,,,,,,,,,,,,,
58,Quantity,,110.0,,80.0,,90.0,120.0,95.0,90.0,120.0,80.0,80.0,100.0,95.0,100.0,100.0,70.0,140.0,120.0,95.0,90.0,120.0,125.0,75.0,100.0,80.0,90.0
58,Price,,9.5,,11.0,,9.8,9.2,10.0,9.8,9.2,11.0,11.0,10.0,10.0,9.0,10.0,12.0,8.8,9.2,10.0,9.8,9.2,9.5,12.3,10.0,11.0,9.8
58,DSO,60.0,,60.0,,45.0,,,,,,,,,,,,,,,,,,,,,,
59,Quantity,,100.0,,130.0,,75.0,80.0,125.0,100.0,100.0,95.0,90.0,100.0,95.0,90.0,120.0,95.0,80.0,100.0,130.0,140.0,100.0,70.0,90.0,100.0,95.0,75.0
59,Price,,10.0,,9.0,,12.3,11.5,9.5,9.0,10.0,10.0,9.8,10.0,10.0,9.8,9.2,10.0,11.0,10.0,9.0,8.8,10.0,12.0,9.8,10.0,10.0,12.3
59,DSO,90.0,,60.0,,60.0,,,,,,,,,,,,,,,,,,,,,,
60,Quantity,,100.0,,95.0,,90.0,100.0,70.0,90.0,80.0,95.0,90.0,90.0,70.0,75.0,90.0,95.0,90.0,80.0,70.0,75.0,100.0,95.0,90.0,90.0,130.0,100.0
60,Price,,10.0,,10.0,,9.8,10.0,12.0,9.8,11.5,10.0,9.8,10.5,12.0,12.3,10.5,10.0,9.8,11.5,12.0,12.3,10.0,10.0,9.8,10.5,9.0,9.0
60,DSO,60.0,,60.0,,90.0,,,,,,,,,,,,,,,,,,,,,,
61,Quantity,,100.0,,95.0,,100.0,90.0,130.0,140.0,110.0,95.0,90.0,100.0,95.0,75.0,80.0,95.0,90.0,100.0,95.0,90.0,80.0,70.0,90.0,80.0,95.0,80.0
61,Price,,10.0,,10.0,,9.0,10.5,9.0,8.8,9.5,10.0,9.8,10.0,10.0,12.3,11.5,10.0,9.8,10.0,10.0,9.8,11.5,12.0,9.8,11.5,10.0,11.0
61,DSO,60.0,,90.0,,90.0,,,,,,,,,,,,,,,,,,,,,,
62,Quantity,,100.0,,125.0,,90.0,100.0,80.0,90.0,100.0,95.0,90.0,80.0,125.0,90.0,110.0,95.0,75.0,90.0,95.0,90.0,110.0,95.0,90.0,100.0,125.0,140.0
62,Price,,10.0,,9.5,,9.8,10.0,11.0,9.8,10.0,10.0,9.8,11.5,9.5,9.8,9.5,10.0,12.3,10.5,10.0,9.8,9.5,10.0,9.8,10.0,9.5,8.8
62,DSO,90.0,,45.0,,60.0,,,,,,,,,,,,,,,,,,,,,,
63,Quantity,,80.0,,70.0,,75.0,100.0,95.0,80.0,90.0,130.0,75.0,110.0,70.0,100.0,100.0,80.0,100.0,100.0,125.0,100.0,100.0,95.0,80.0,100.0,95.0,90.0
63,Price,,11.5,,12.0,,12.3,10.0,10.0,11.0,10.5,9.0,12.3,9.5,12.0,9.0,10.0,11.0,9.0,10.0,9.5,9.0,10.0,10.0,11.0,10.0,10.0,9.8
63,DSO,60.0,,60.0,,45.0,,,,,,,,,,,,,,,,,,,,,,
64,Quantity,,110.0,,95.0,,90.0,110.0,95.0,90.0,100.0,70.0,100.0,100.0,95.0,90.0,100.0,125.0,90.0,110.0,70.0,75.0,100.0,125.0,140.0,120.0,70.0,90.0
64,Price,,9.5,,10.0,,9.8,9.5,10.0,9.8,10.0,12.0,9.0,10.0,10.0,9.8,10.0,9.5,9.8,9.5,12.0,12.3,10.0,9.5,8.8,9.2,12.0,9.8
64,DSO,45.0,,60.0,,60.0,,,,,,,,,,,,,,,,,,,,,,
65,Quantity,,90.0,,80.0,,100.0,120.0,95.0,100.0,90.0,130.0,75.0,100.0,125.0,140.0,110.0,95.0,90.0,100.0,95.0,100.0,90.0,95.0,90.0,110.0,95.0,90.0
65,Price,,10.5,,11.0,,9.0,9.2,10.0,9.0,10.5,9.0,12.3,10.0,9.5,8.8,9.5,10.0,9.8,10.0,10.0,9.0,10.5,10.0,9.8,9.5,10.0,9.8
65,DSO,45.0,,60.0,,60.0,,,,,,,,,,,,,,,,,,,,,,
66,Quantity,,110.0,,95.0,,90.0,100.0,95.0,90.0,100.0,70.0,100.0,90.0,95.0,90.0,80.0,95.0,100.0,120.0,95.0,80.0,110.0,80.0,90.0,100.0,130.0,90.0
66,Price,,9.5,,10.0,,9.8,10.0,10.0,9.8,10.0,12.0,9.0,10.5,10.0,9.8,11.5,10.0,9.0,9.2,10.0,11.0,9.5,11.0,9.8,10.0,9.0,9.8
66,DSO,60.0,,60.0,,60.0,,,,,,,,,,,,,,,,,,,,,,
67,Quantity,,100.0,,95.0,,75.0,100.0,80.0,75.0,110.0,95.0,90.0,120.0,95.0,75.0,100.0,130.0,80.0,100.0,125.0,90.0,100.0,125.0,75.0,100.0,95.0,80.0
67,Price,,10.0,,10.0,,12.3,10.0,11.0,12.3,9.5,10.0,9.8,9.2,10.0,12.3,10.0,9.0,11.0,10.0,9.5,9.8,10.0,9.5,12.3,10.0,10.0,11.0
67,DSO,90.0,,90.0,,60.0,,,,,,,,,,,,,,,,,,,,,,
68,Quantity,,100.0,,130.0,,90.0,80.0,130.0,90.0,100.0,95.0,90.0,100.0,80.0,90.0,100.0,70.0,90.0,80.0,70.0,90.0,100.0,95.0,140.0,80.0,80.0,140.0
68,Price,,10.0,,9.0,,9.8,11.5,9.0,9.8,10.0,10.0,9.8,10.0,11.0,9.8,10.0,12.0,9.8,11.5,12.0,9.8,10.0,10.0,8.8,11.5,11.0,8.8
68,DSO,60.0,,60.0,,60.0,,,,,,,,,,,,,,,,,,,,,,
69,Quantity,,100.0,,125.0,,140.0,100.0,70.0,80.0,100.0,95.0,90.0,110.0,95.0,90.0,100.0,80.0,90.0,100.0,95.0,140.0,80.0,130.0,100.0,80.0,95.0,75.0
69,Price,,10.0,,9.5,,8.8,10.0,12.0,11.0,10.0,10.0,9.8,9.5,10.0,9.8,10.0,11.0,9.8,10.0,10.0,8.8,11.5,9.0,9.0,11.5,10.0,12.3
69,DSO,60.0,,60.0,,60.0,,,,,,,,,,,,,,,,,,,,,,
70,Quantity,,100.0,,95.0,,90.0,90.0,125.0,90.0,80.0,95.0,90.0,100.0,125.0,80.0,100.0,125.0,75.0,90.0,95.0,75.0,110.0,95.0,75.0,100.0,70.0,100.0
70,Price,,10.0,,10.0,,9.8,10.5,9.5,9.8,11.5,10.0,9.8,10.0,9.5,11.0,10.0,9.5,12.3,10.5,10.0,12.3,9.5,10.0,12.3,10.0,12.0,9.0
70,DSO,90.0,,60.0,,45.0,,,,,,,,,,,,,,,,,,,,,,
71,Quantity,,80.0,,95.0,,80.0,110.0,95.0,100.0,100.0,125.0,140.0,100.0,70.0,90.0,90.0,95.0,100.0,100.0,125.0,90.0,100.0,95.0,90.0,100.0,95.0,90.0
71,Price,,11.5,,10.0,,11.0,9.5,10.0,9.0,10.0,9.5,8.8,10.0,12.0,9.8,10.5,10.0,9.0,10.0,9.5,9.8,10.0,10.0,9.8,10.0,10.0,9.8
71,DSO,60.0,,45.0,,60.0,,,,,,,,,,,,,,,,,,,,,,
72,Quantity,,120.0,,70.0,,90.0,100.0,95.0,90.0,120.0,80.0,80.0,80.0,95.0,100.0,120.0,95.0,90.0,110.0,80.0,90.0,100.0,70.0,90.0,110.0,125.0,90.0
72,Price,,9.2,,12.0,,9.8,10.0,10.0,9.8,9.2,11.0,11.0,11.5,10.0,9.0,9.2,10.0,9.8,9.5,11.0,9.8,10.0,12.0,9.8,9.5,9.5,9.8
72,DSO,60.0,,90.0,,90.0,,,,,,,,,,,,,,,,,,,,,,
73,Quantity,,100.0,,95.0,,90.0,100.0,70.0,80.0,100.0,70.0,75.0,100.0,70.0,75.0,100.0,125.0,90.0,100.0,125.0,140.0,110.0,95.0,100.0,100.0,95.0,90.0
73,Price,,10.0,,10.0,,9.8,10.0,12.0,11.0,10.0,12.0,12.3,10.0,12.0,12.3,10.0,9.5,9.8,10.0,9.5,8.8,9.5,10.0,9.0,10.0,10.0,9.8
73,DSO,60.0,,45.0,,60.0,,,,,,,,,,,,,,,,,,,,,,
74,Quantity,,100.0,,125.0,,75.0,90.0,125.0,90.0,110.0,125.0,100.0,110.0,95.0,90.0,100.0,70.0,80.0,90.0,70.0,75.0,80.0,70.0,75.0,80.0,130.0,90.0
74,Price,,10.0,,9.5,,12.3,10.5,9.5,9.8,9.5,9.5,9.0,9.5,10.0,9.8,10.0,12.0,11.0,10.5,12.0,12.3,11.5,12.0,12.3,11.5,9.0,9.8
74,DSO,60.0,,60.0,,60.0,,,,,,,,,,,,,,,,,,,,,,
75,Quantity,,90.0,,70.0,,90.0,110.0,95.0,140.0,100.0,95.0,90.0,80.0,95.0,140.0,90.0,95.0,140.0,100.0,95.0,90.0,100.0,130.0,90.0,120.0,95.0,140.0
75,Price,,10.5,,12.0,,9.8,9.5,10.0,8.8,10.0,10.0,9.8,11.5,10.0,8.8,10.5,10.0,8.8,10.0,10.0,9.8,10.0,9.0,9.8,9.2,10.0,8.8
75,DSO,90.0,,60.0,,60.0,,,,,,,,,,,,,,,,,,,,,,
76,Quantity,,110.0,,95.0,,100.0,100.0,95.0,90.0,80.0,95.0,90.0,100.0,130.0,90.0,120.0,95.0,90.0,110.0,95.0,90.0,100.0,95.0,90.0,100.0,80.0,75.0
76,Price,,9.5,,10.0,,9.0,10.0,10.0,9.8,11.5,10.0,9.8,10.0,9.0,9.8,9.2,10.0,9.8,9.5,10.0,9.8,10.0,10.0,9.8,10.0,11.0,12.3
76,DSO,60.0,,60.0,,45.0,,,,,,,,,,,,,,,,,,,,,,
77,Quantity,,80.0,,95.0,,90.0,110.0,95.0,100.0,120.0,95.0,90.0,90.0,95.0,90.0,110.0,95.0,90.0,100.0,130.0,100.0,120.0,125.0,90.0,100.0,95.0,100.0
77,Price,,11.5,,10.0,,9.8,9.5,10.0,9.0,9.2,10.0,9.8,10.5,10.0,9.8,9.5,10.0,9.8,10.0,9.0,9.0,9.2,9.5,9.8,10.0,10.0,9.0
77,DSO,60.0,,90.0,,45.0,,,,,,,,,,,,,,,,,,,,,,
78,Quantity,,120.0,,70.0,,75.0,100.0,95.0,90.0,100.0,95.0,90.0,100.0,80.0,100.0,80.0,95.0,100.0,120.0,80.0,80.0,90.0,95.0,90.0,110.0,70.0,75.0
78,Price,,9.2,,12.0,,12.3,10.0,10.0,9.8,10.0,10.0,9.8,10.0,11.0,9.0,11.5,10.0,9.0,9.2,11.0,11.0,10.5,10.0,9.8,9.5,12.0,12.3
78,DSO,60.0,,60.0,,60.0,,,,,,,,,,,,,,,,,,,,,,
79,Quantity,,100.0,,130.0,,90.0,100.0,80.0,75.0,80.0,70.0,100.0,100.0,125.0,90.0,100.0,80.0,75.0,100.0,95.0,90.0,100.0,95.0,80.0,90.0,95.0,90.0
79,Price,,10.0,,9.0,,9.8,10.0,11.0,12.3,11.5,12.0,9.0,10.0,9.5,9.8,10.0,11.0,12.3,10.0,10.0,9.8,10.0,10.0,11.0,10.5,10.0,9.8
79,DSO,60.0,,60.0,,90.0,,,,,,,,,,,,,,,,,,,,,,
80,Quantity,,100.0,,95.0,,100.0,80.0,130.0,90.0,100.0,130.0,80.0,120.0,95.0,80.0,100.0,125.0,90.0,80.0,95.0,90.0,100.0,80.0,140.0,100.0,125.0,90.0
80,Price,,10.0,,10.0,,9.0,11.5,9.0,9.8,10.0,9.0,11.0,9.2,10.0,11.0,10.0,9.5,9.8,11.5,10.0,9.8,10.0,11.0,8.8,10.0,9.5,9.8
80,DSO,60.0,,60.0,,60.0,,,,,,,,,,,,,,,,,,,,,,
81,Quantity,,100.0,,95.0,,80.0,100.0,80.0,90.0,80.0,130.0,90.0,80.0,95.0,90.0,110.0,130.0,140.0,100.0,95.0,75.0,100.0,80.0,90.0,100.0,95.0,90.0
81,Price,,10.0,,10.0,,11.0,10.0,11.0,9.8,11.5,9.0,9.8,11.5,10.0,9.8,9.5,9.0,8.8,10.0,10.0,12.3,10.0,11.0,9.8,10.0,10.0,9.8
81,DSO,45.0,,60.0,,60.0,,,,,,,,,,,,,,,,,,,,,,
82,Quantity,,100.0,,70.0,,90.0,120.0,130.0,75.0,100.0,70.0,90.0,100.0,130.0,75.0,80.0,70.0,90.0,80.0,95.0,140.0,100.0,95.0,90.0,110.0,125.0,90.0
82,Price,,10.0,,12.0,,9.8,9.2,9.0,12.3,10.0,12.0,9.8,10.0,9.0,12.3,11.5,12.0,9.8,11.5,10.0,8.8,10.0,10.0,9.8,9.5,9.5,9.8
82,DSO,60.0,,45.0,,60.0,,,,,,,,,,,,,,,,,,,,,,
83,Quantity,,80.0,,125.0,,140.0,80.0,95.0,90.0,110.0,95.0,140.0,100.0,70.0,90.0,100.0,95.0,90.0,100.0,125.0,90.0,80.0,95.0,100.0,90.0,95.0,75.0
83,Price,,11.5,,9.5,,8.8,11.5,10.0,9.8,9.5,10.0,8.8,10.0,12.0,9.8,10.0,10.0,9.8,10.0,9.5,9.8,11.5,10.0,9.0,10.5,10.0,12.3
83,DSO,90.0,,60.0,,60.0,,,,,,,,,,,,,,,,,,,,,,
84,Quantity,,120.0,,95.0,,90.0,100.0,95.0,140.0,100.0,95.0,75.0,110.0,95.0,100.0,100.0,95.0,75.0,120.0,70.0,90.0,110.0,125.0,80.0,100.0,70.0,100.0
84,Price,,9.2,,10.0,,9.8,10.0,10.0,8.8,10.0,10.0,12.3,9.5,10.0,9.0,10.0,10.0,12.3,9.2,12.0,9.8,9.5,9.5,11.0,10.0,12.0,9.0
84,DSO,60.0,,60.0,,60.0,,,,,,,,,,,,,,,,,,,,,,
85,Quantity,,80.0,,95.0,,75.0,90.0,95.0,90.0,100.0,95.0,75.0,100.0,125.0,100.0,100.0,95.0,75.0,100.0,95.0,80.0,100.0,95.0,75.0,100.0,95.0,80.0
85,Price,,11.5,,10.0,,12.3,10.5,10.0,9.8,10.0,10.0,12.3,10.0,9.5,9.0,10.0,10.0,12.3,10.0,10.0,11.0,10.0,10.0,12.3,10.0,10.0,11.0
85,DSO,60.0,,60.0,,90.0,,,,,,,,,,,,,,,,,,,,,,
86,Quantity,,110.0,,130.0,,90.0,100.0,95.0,100.0,90.0,95.0,100.0,120.0,95.0,90.0,100.0,95.0,90.0,110.0,95.0,100.0,100.0,130.0,100.0,80.0,70.0,140.0
86,Price,,9.5,,9.0,,9.8,10.0,10.0,9.0,10.5,10.0,9.0,9.2,10.0,9.8,10.0,10.0,9.8,9.5,10.0,9.0,10.0,9.0,9.0,11.5,12.0,8.8
86,DSO,90.0,,90.0,,60.0,,,,,,,,,,,,,,,,,,,,,,
87,Quantity,,100.0,,80.0,,100.0,100.0,70.0,90.0,100.0,125.0,90.0,80.0,95.0,75.0,90.0,80.0,90.0,100.0,130.0,90.0,90.0,70.0,90.0,120.0,95.0,90.0
87,Price,,10.0,,11.0,,9.0,10.0,12.0,9.8,10.0,9.5,9.8,11.5,10.0,12.3,10.5,11.0,9.8,10.0,9.0,9.8,10.5,12.0,9.8,9.2,10.0,9.8
87,DSO,60.0,,60.0,,45.0,,,,,,,,,,,,,,,,,,,,,,
88,Quantity,,100.0,,95.0,,90.0,110.0,125.0,75.0,110.0,80.0,90.0,100.0,80.0,90.0,110.0,125.0,100.0,80.0,80.0,90.0,120.0,95.0,90.0,100.0,125.0,90.0
88,Price,,10.0,,10.0,,9.8,9.5,9.5,12.3,9.5,11.0,9.8,10.0,11.0,9.8,9.5,9.5,9.0,11.5,11.0,9.8,9.2,10.0,9.8,10.0,9.5,9.8
88,DSO,60.0,,60.0,,60.0,,,,,,,,,,,,,,,,,,,,,,
89,Quantity,,80.0,,130.0,,90.0,90.0,95.0,90.0,100.0,80.0,90.0,120.0,95.0,90.0,100.0,95.0,80.0,100.0,125.0,75.0,100.0,70.0,75.0,80.0,95.0,90.0
89,Price,,11.5,,9.0,,9.8,10.5,10.0,9.8,10.0,11.0,9.8,9.2,10.0,9.8,10.0,10.0,11.0,10.0,9.5,12.3,10.0,12.0,12.3,11.5,10.0,9.8
89,DSO,60.0,,60.0,,45.0,,,,,,,,,,,,,,,,,,,,,,
90,Quantity,,120.0,,95.0,,140.0,100.0,95.0,100.0,120.0,125.0,90.0,100.0,80.0,140.0,100.0,95.0,90.0,110.0,70.0,100.0,100.0,95.0,100.0,100.0,125.0,90.0
90,Price,,9.2,,10.0,,8.8,10.0,10.0,9.0,9.2,9.5,9.8,10.0,11.0,8.8,10.0,10.0,9.8,9.5,12.0,9.0,10.0,10.0,9.0,10.0,9.5,9.8
90,DSO,60.0,,60.0,,60.0,,,,,,,,,,,,,,,,,,,,,,
91,Quantity,,100.0,,95.0,,90.0,100.0,70.0,90.0,100.0,95.0,140.0,100.0,125.0,90.0,80.0,130.0,90.0,100.0,95.0,90.0,120.0,95.0,90.0,100.0,95.0,100.0
91,Price,,10.0,,10.0,,9.8,10.0,12.0,9.8,10.0,10.0,8.8,10.0,9.5,9.8,11.5,9.0,9.8,10.0,10.0,9.8,9.2,10.0,9.8,10.0,10.0,9.0
91,DSO,90.0,,45.0,,90.0,,,,,,,,,,,,,,,,,,,,,,
92,Quantity,,100.0,,80.0,,80.0,110.0,125.0,75.0,80.0,95.0,80.0,90.0,95.0,75.0,120.0,70.0,140.0,90.0,95.0,90.0,80.0,125.0,90.0,120.0,70.0,75.0
92,Price,,10.0,,11.0,,11.0,9.5,9.5,12.3,11.5,10.0,11.0,10.5,10.0,12.3,9.2,12.0,8.8,10.5,10.0,9.8,11.5,9.5,9.8,9.2,12.0,12.3
92,DSO,60.0,,90.0,,60.0,,,,,,,,,,,,,,,,,,,,,,
93,Quantity,,100.0,,70.0,,90.0,100.0,70.0,90.0,110.0,95.0,75.0,100.0,70.0,80.0,110.0,80.0,100.0,100.0,130.0,75.0,100.0,95.0,90.0,110.0,95.0,140.0
93,Price,,10.0,,12.0,,9.8,10.0,12.0,9.8,9.5,10.0,12.3,10.0,12.0,11.0,9.5,11.0,9.0,10.0,9.0,12.3,10.0,10.0,9.8,9.5,10.0,8.8
93,DSO,60.0,,60.0,,60.0,,,,,,,,,,,,,,,,,,,,,,
94,Quantity,,100.0,,95.0,,100.0,120.0,125.0,80.0,100.0,95.0,100.0,80.0,95.0,90.0,80.0,125.0,90.0,80.0,80.0,100.0,100.0,125.0,90.0,100.0,80.0,80.0
94,Price,,10.0,,10.0,,9.0,9.2,9.5,11.0,10.0,10.0,9.0,11.5,10.0,9.8,11.5,9.5,9.8,11.5,11.0,9.0,10.0,9.5,9.8,10.0,11.0,11.0
94,DSO,90.0,,60.0,,90.0,,,,,,,,,,,,,,,,,,,,,,
95,Quantity,,90.0,,95.0,,90.0,80.0,95.0,90.0,90.0,70.0,90.0,110.0,95.0,100.0,100.0,95.0,90.0,100.0,95.0,90.0,110.0,70.0,140.0,100.0,95.0,90.0
95,Price,,10.5,,10.0,,9.8,11.5,10.0,9.8,10.5,12.0,9.8,9.5,10.0,9.0,10.0,10.0,9.8,10.0,10.0,9.8,9.5,12.0,8.8,10.0,10.0,9.8
95,DSO,60.0,,60.0,,60.0,,,,,,,,,,,,,,,,,,,,,,
96,Quantity,,110.0,,125.0,,75.0,100.0,95.0,140.0,100.0,130.0,90.0,100.0,130.0,90.0,100.0,95.0,75.0,110.0,95.0,90.0,80.0,95.0,80.0,90.0,130.0,90.0
96,Price,,9.5,,9.5,,12.3,10.0,10.0,8.8,10.0,9.0,9.8,10.0,9.0,9.8,10.0,10.0,12.3,9.5,10.0,9.8,11.5,10.0,11.0,10.5,9.0,9.8
96,DSO,45.0,,45.0,,45.0,,,,,,,,,,,,,,,,,,,,,,
97,Quantity,,100.0,,95.0,,80.0,80.0,95.0,75.0,90.0,95.0,90.0,110.0,70.0,75.0,110.0,95.0,90.0,80.0,95.0,90.0,110.0,125.0,140.0,120.0,95.0,90.0
97,Price,,10.0,,10.0,,11.0,11.5,10.0,12.3,10.5,10.0,9.8,9.5,12.0,12.3,9.5,10.0,9.8,11.5,10.0,9.8,9.5,9.5,8.8,9.2,10.0,9.8
97,DSO,45.0,,60.0,,90.0,,,,,,,,,,,,,,,,,,,,,,
98,Quantity,,100.0,,80.0,,90.0,100.0,95.0,90.0,100.0,95.0,90.0,100.0,95.0,90.0,80.0,95.0,140.0,100.0,95.0,90.0,80.0,95.0,80.0,100.0,125.0,90.0
98,Price,,10.0,,11.0,,9.8,10.0,10.0,9.8,10.0,10.0,9.8,10.0,10.0,9.8,11.5,10.0,8.8,10.0,10.0,9.8,11.5,10.0,11.0,10.0,9.5,9.8
98,DSO,60.0,,60.0,,60.0,,,,,,,,,,,,,,,,,,,,,,
99,Quantity,,90.0,,130.0,,140.0,100.0,125.0,140.0,110.0,80.0,80.0,100.0,95.0,100.0,100.0,125.0,80.0,110.0,70.0,100.0,100.0,95.0,90.0,100.0,95.0,75.0
99,Price,,10.5,,9.0,,8.8,10.0,9.5,8.8,9.5,11.0,11.0,10.0,10.0,9.0,10.0,9.5,11.0,9.5,12.0,9.0,10.0,10.0,9.8,10.0,10.0,12.3
99,DSO,90.0,,45.0,,45.0,,,,,,,,,,,,,,,,,,,,,,
100,Quantity,,110.0,,95.0,,90.0,120.0,70.0,90.0,100.0,125.0,100.0,80.0,130.0,90.0,100.0,70.0,90.0,100.0,125.0,80.0,100.0,70.0,90.0,80.0,70.0,100.0
100,Price,,9.5,,10.0,,9.8,9.2,12.0,9.8,10.0,9.5,9.0,11.5,9.0,9.8,10.0,12.0,9.8,10.0,9.5,11.0,10.0,12.0,9.8,11.5,12.0,9.0
100,DSO,60.0,,60.0,,60.0,,,,,,,,,,,,,,,,,,,,,,
101,Quantity,,80.0,,95.0,,75.0,100.0,125.0,100.0,100.0,70.0,100.0,100.0,95.0,90.0,100.0,70.0,90.0,120.0,95.0,90.0,120.0,95.0,90.0,90.0,95.0,80.0
101,Price,,11.5,,10.0,,12.3,10.0,9.5,9.0,10.0,12.0,9.0,10.0,10.0,9.8,10.0,12.0,9.8,9.2,10.0,9.8,9.2,10.0,9.8,10.5,10.0,11.0
101,DSO,60.0,,60.0,,60.0,,,,,,,,,,,,,,,,,,,,,,
102,Quantity,,120.0,,125.0,,90.0,110.0,70.0,90.0,80.0,130.0,75.0,90.0,80.0,140.0,100.0,130.0,75.0,100.0,95.0,90.0,90.0,80.0,90.0,100.0,80.0,140.0
102,Price,,9.2,,9.5,,9.8,9.5,12.0,9.8,11.5,9.0,12.3,10.5,11.0,8.8,10.0,9.0,12.3,10.0,10.0,9.8,10.5,11.0,9.8,10.0,11.0,8.8
102,DSO,90.0,,60.0,,45.0,,,,,,,,,,,,,,,,,,,,,,
103,Quantity,,100.0,,70.0,,100.0,90.0,95.0,75.0,100.0,95.0,90.0,110.0,125.0,90.0,80.0,95.0,100.0,80.0,80.0,140.0,100.0,125.0,75.0,100.0,95.0,90.0
103,Price,,10.0,,12.0,,9.0,10.5,10.0,12.3,10.0,10.0,9.8,9.5,9.5,9.8,11.5,10.0,9.0,11.5,11.0,8.8,10.0,9.5,12.3,10.0,10.0,9.8
103,DSO,60.0,,90.0,,60.0,,,,,,,,,,,,,,,,,,,,,,
104,Quantity,,100.0,,95.0,,90.0,100.0,95.0,90.0,110.0,95.0,90.0,100.0,95.0,75.0,120.0,95.0,90.0,100.0,125.0,75.0,100.0,95.0,100.0,110.0,130.0,90.0
104,Price,,10.0,,10.0,,9.8,10.0,10.0,9.8,9.5,10.0,9.8,10.0,10.0,12.3,9.2,10.0,9.8,10.0,9.5,12.3,10.0,10.0,9.0,9.5,9.0,9.8
104,DSO,60.0,,60.0,,60.0,,,,,,,,,,,,,,,,,,,,,,
105,Quantity,,90.0,,125.0,,90.0,100.0,130.0,100.0,100.0,95.0,90.0,90.0,125.0,100.0,100.0,125.0,90.0,110.0,70.0,90.0,90.0,125.0,90.0,100.0,95.0,90.0
105,Price,,10.5,,9.5,,9.8,10.0,9.0,9.0,10.0,10.0,9.8,10.5,9.5,9.0,10.0,9.5,9.8,9.5,12.0,9.8,10.5,9.5,9.8,10.0,10.0,9.8
105,DSO,60.0,,90.0,,60.0,,,,,,,,,,,,,,,,,,,,,,
106,Quantity,,110.0,,95.0,,140.0,110.0,80.0,90.0,110.0,95.0,90.0,100.0,95.0,90.0,100.0,80.0,80.0,100.0,125.0,90.0,110.0,95.0,90.0,90.0,125.0,90.0
106,Price,,9.5,,10.0,,8.8,9.5,11.0,9.8,9.5,10.0,9.8,10.0,10.0,9.8,10.0,11.0,11.0,10.0,9.5,9.8,9.5,10.0,9.8,10.5,9.5,9.8
106,DSO,60.0,,60.0,,90.0,,,,,,,,,,,,,,,,,,,,,,
107,Quantity,,100.0,,95.0,,90.0,90.0,95.0,75.0,100.0,130.0,80.0,100.0,95.0,80.0,90.0,95.0,140.0,80.0,95.0,140.0,100.0,95.0,75.0,110.0,95.0,100.0
107,Price,,10.0,,10.0,,9.8,10.5,10.0,12.3,10.0,9.0,11.0,10.0,10.0,11.0,10.5,10.0,8.8,11.5,10.0,8.8,10.0,10.0,12.3,9.5,10.0,9.0
107,DSO,90.0,,60.0,,60.0,,,,,,,,,,,,,,,,,,,,,,
108,Quantity,,100.0,,70.0,,80.0,100.0,95.0,90.0,90.0,70.0,140.0,120.0,80.0,90.0,110.0,95.0,90.0,100.0,95.0,75.0,100.0,80.0,100.0,100.0,70.0,75.0
108,Price,,10.0,,12.0,,11.0,10.0,10.0,9.8,10.5,12.0,8.8,9.2,11.0,9.8,9.5,10.0,9.8,10.0,10.0,12.3,10.0,11.0,9.0,10.0,12.0,12.3
108,DSO,60.0,,60.0,,45.0,,,,,,,,,,,,,,,,,,,,,,
109,Quantity,,100.0,,80.0,,90.0,80.0,95.0,80.0,120.0,125.0,100.0,100.0,95.0,90.0,110.0,95.0,90.0,90.0,80.0,90.0,80.0,95.0,140.0,100.0,95.0,100.0
109,Price,,10.0,,11.0,,9.8,11.5,10.0,11.0,9.2,9.5,9.0,10.0,10.0,9.8,9.5,10.0,9.8,10.5,11.0,9.8,11.5,10.0,8.8,10.0,10.0,9.0
109,DSO,60.0,,45.0,,45.0,,,,,,,,,,,,,,,,,,,,,,
110,Quantity,,100.0,,95.0,,100.0,100.0,95.0,90.0,100.0,70.0,75.0,110.0,130.0,75.0,80.0,95.0,100.0,100.0,130.0,90.0,110.0,70.0,80.0,120.0,70.0,80.0
110,Price,,10.0,,10.0,,9.0,10.0,10.0,9.8,10.0,12.0,12.3,9.5,9.0,12.3,11.5,10.0,9.0,10.0,9.0,9.8,9.5,12.0,11.0,9.2,12.0,11.0
110,DSO,60.0,,60.0,,60.0,,,,,,,,,,,,,,,,,,,,,,
111,Quantity,,80.0,,95.0,,90.0,100.0,125.0,140.0,80.0,95.0,90.0,80.0,70.0,90.0,100.0,70.0,75.0,110.0,95.0,100.0,100.0,130.0,90.0,80.0,95.0,90.0
111,Price,,11.5,,10.0,,9.8,10.0,9.5,8.8,11.5,10.0,9.8,11.5,12.0,9.8,10.0,12.0,12.3,9.5,10.0,9.0,10.0,9.0,9.8,11.5,10.0,9.8
111,DSO,60.0,,60.0,,60.0,,,,,,,,,,,,,,,,,,,,,,
112,Quantity,,120.0,,125.0,,75.0,120.0,70.0,90.0,100.0,95.0,90.0,100.0,95.0,140.0,100.0,130.0,90.0,100.0,95.0,80.0,100.0,95.0,90.0,100.0,125.0,90.0
112,Price,,9.2,,9.5,,12.3,9.2,12.0,9.8,10.0,10.0,9.8,10.0,10.0,8.8,10.0,9.0,9.8,10.0,10.0,11.0,10.0,10.0,9.8,10.0,9.5,9.8
112,DSO,45.0,,60.0,,60.0,,,,,,,,,,,,,,,,,,,,,,
113,Quantity,,80.0,,70.0,,100.0,100.0,125.0,90.0,80.0,95.0,100.0,100.0,95.0,90.0,110.0,125.0,140.0,110.0,95.0,90.0,100.0,95.0,80.0,100.0,95.0,90.0
113,Price,,11.5,,12.0,,9.0,10.0,9.5,9.8,11.5,10.0,9.0,10.0,10.0,9.8,9.5,9.5,8.8,9.5,10.0,9.8,10.0,10.0,11.0,10.0,10.0,9.8
113,DSO,60.0,,60.0,,60.0,,,,,,,,,,,,,,,,,,,,,,
114,Quantity,,120.0,,95.0,,90.0,80.0,70.0,100.0,100.0,95.0,75.0,120.0,80.0,100.0,80.0,80.0,90.0,100.0,95.0,90.0,100.0,130.0,100.0,110.0,130.0,90.0
114,Price,,9.2,,10.0,,9.8,11.5,12.0,9.0,10.0,10.0,12.3,9.2,11.0,9.0,11.5,11.0,9.8,10.0,10.0,9.8,10.0,9.0,9.0,9.5,9.0,9.8
114,DSO,60.0,,90.0,,45.0,,,,,,,,,,,,,,,,,,,,,,
115,Quantity,,100.0,,95.0,,75.0,120.0,95.0,90.0,120.0,80.0,90.0,90.0,125.0,90.0,100.0,95.0,90.0,90.0,70.0,75.0,120.0,70.0,90.0,80.0,95.0,80.0
115,Price,,10.0,,10.0,,12.3,9.2,10.0,9.8,9.2,11.0,9.8,10.5,9.5,9.8,10.0,10.0,9.8,10.5,12.0,12.3,9.2,12.0,9.8,11.5,10.0,11.0
115,DSO,60.0,,60.0,,60.0,,,,,,,,,,,,,,,,,,,,,,
116,Quantity,,100.0,,125.0,,90.0,100.0,95.0,75.0,100.0,125.0,90.0,100.0,95.0,80.0,100.0,95.0,80.0,100.0,125.0,100.0,80.0,95.0,90.0,100.0,80.0,140.0
116,Price,,10.0,,9.5,,9.8,10.0,10.0,12.3,10.0,9.5,9.8,10.0,10.0,11.0,10.0,10.0,11.0,10.0,9.5,9.0,11.5,10.0,9.8,10.0,11.0,8.8
116,DSO,60.0,,60.0,,90.0,,,,,,,,,,,,,,,,,,,,,,
117,Quantity,,100.0,,130.0,,100.0,110.0,95.0,90.0,100.0,70.0,90.0,80.0,70.0,75.0,100.0,95.0,75.0,80.0,95.0,90.0,100.0,80.0,90.0,100.0,95.0,75.0
117,Price,,10.0,,9.0,,9.0,9.5,10.0,9.8,10.0,12.0,9.8,11.5,12.0,12.3,10.0,10.0,12.3,11.5,10.0,9.8,10.0,11.0,9.8,10.0,10.0,12.3
117,DSO,60.0,,60.0,,60.0,,,,,,,,,,,,,,,,,,,,,,
118,Quantity,,100.0,,95.0,,90.0,100.0,95.0,80.0,90.0,130.0,90.0,100.0,95.0,90.0,100.0,95.0,90.0,100.0,95.0,90.0,100.0,95.0,90.0,80.0,70.0,100.0
118,Price,,10.0,,10.0,,9.8,10.0,10.0,11.0,10.5,9.0,9.8,10.0,10.0,9.8,10.0,10.0,9.8,10.0,10.0,9.8,10.0,10.0,9.8,11.5,12.0,9.0
118,DSO,90.0,,45.0,,60.0,,,,,,,,,,,,,,,,,,,,,,
119,Quantity,,80.0,,95.0,,75.0,100.0,130.0,90.0,100.0,95.0,80.0,100.0,95.0,140.0,90.0,70.0,90.0,120.0,70.0,75.0,110.0,95.0,100.0,110.0,95.0,90.0
119,Price,,11.5,,10.0,,12.3,10.0,9.0,9.8,10.0,10.0,11.0,10.0,10.0,8.8,10.5,12.0,9.8,9.2,12.0,12.3,9.5,10.0,9.0,9.5,10.0,9.8
119,DSO,60.0,,60.0,,60.0,,,,,,,,,,,,,,,,,,,,,,
120,Quantity,,110.0,,80.0,,90.0,90.0,80.0,100.0,110.0,95.0,140.0,110.0,130.0,90.0,120.0,130.0,100.0,100.0,130.0,100.0,80.0,125.0,75.0,100.0,125.0,90.0
120,Price,,9.5,,11.0,,9.8,10.5,11.0,9.0,9.5,10.0,8.8,9.5,9.0,9.8,9.2,9.0,9.0,10.0,9.0,9.0,11.5,9.5,12.3,10.0,9.5,9.8
120,DSO,60.0,,60.0,,60.0,,,,,,,,,,,,,,,,,,,,,,
121,Quantity,,100.0,,95.0,,90.0,110.0,95.0,90.0,100.0,95.0,100.0,100.0,95.0,90.0,100.0,95.0,80.0,80.0,70.0,90.0,100.0,95.0,90.0,90.0,95.0,90.0
121,Price,,10.0,,10.0,,9.8,9.5,10.0,9.8,10.0,10.0,9.0,10.0,10.0,9.8,10.0,10.0,11.0,11.5,12.0,9.8,10.0,10.0,9.8,10.5,10.0,9.8
121,DSO,60.0,,60.0,,45.0,,,,,,,,,,,,,,,,,,,,,,
122,Quantity,,100.0,,130.0,,75.0,100.0,95.0,80.0,120.0,95.0,75.0,80.0,125.0,80.0,100.0,95.0,90.0,100.0,125.0,90.0,100.0,125.0,90.0,100.0,130.0,90.0
122,Price,,10.0,,9.0,,12.3,10.0,10.0,11.0,9.2,10.0,12.3,11.5,9.5,11.0,10.0,10.0,9.8,10.0,9.5,9.8,10.0,9.5,9.8,10.0,9.0,9.8
122,DSO,60.0,,60.0,,60.0,,,,,,,,,,,,,,,,,,,,,,
123,Quantity,,80.0,,80.0,,90.0,100.0,130.0,90.0,100.0,125.0,90.0,110.0,70.0,90.0,90.0,125.0,90.0,120.0,95.0,80.0,80.0,80.0,100.0,100.0,95.0,140.0
123,Price,,11.5,,11.0,,9.8,10.0,9.0,9.8,10.0,9.5,9.8,9.5,12.0,9.8,10.5,9.5,9.8,9.2,10.0,11.0,11.5,11.0,9.0,10.0,10.0,8.8
123,DSO,90.0,,60.0,,90.0,,,,,,,,,,,,,,,,,,,,,,
124,Quantity,,110.0,,95.0,,100.0,80.0,80.0,140.0,80.0,70.0,90.0,100.0,95.0,100.0,120.0,80.0,100.0,100.0,95.0,100.0,110.0,95.0,75.0,110.0,80.0,75.0
124,Price,,9.5,,10.0,,9.0,11.5,11.0,8.8,11.5,12.0,9.8,10.0,10.0,9.0,9.2,11.0,9.0,10.0,10.0,9.0,9.5,10.0,12.3,9.5,11.0,12.3
124,DSO,60.0,,45.0,,60.0,,,,,,,,,,,,,,,,,,,,,,
125,Quantity,,90.0,,95.0,,90.0,100.0,125.0,90.0,110.0,125.0,90.0,120.0,125.0,140.0,110.0,70.0,100.0,110.0,80.0,90.0,100.0,70.0,80.0,120.0,95.0,100.0
125,Price,,10.5,,10.0,,9.8,10.0,9.5,9.8,9.5,9.5,9.8,9.2,9.5,8.8,9.5,12.0,9.0,9.5,11.0,9.8,10.0,12.0,11.0,9.2,10.0,9.0
125,DSO,60.0,,60.0,,60.0,,,,,,,,,,,,,,,,,,,,,,
126,Quantity,,110.0,,70.0,,80.0,80.0,70.0,100.0,100.0,80.0,90.0,100.0,95.0,90.0,80.0,125.0,90.0,100.0,130.0,90.0,100.0,95.0,140.0,100.0,70.0,75.0
126,Price,,9.5,,12.0,,11.0,11.5,12.0,9.0,10.0,11.0,9.8,10.0,10.0,9.8,11.5,9.5,9.8,10.0,9.0,9.8,10.0,10.0,8.8,10.0,12.0,12.3
126,DSO,90.0,,60.0,,90.0,,,,,,,,,,,,,,,,,,,,,,
127,Quantity,,100.0,,125.0,,90.0,120.0,95.0,90.0,80.0,95.0,75.0,100.0,95.0,75.0,100.0,95.0,90.0,90.0,95.0,75.0,90.0,95.0,90.0,100.0,95.0,90.0
127,Price,,10.0,,9.5,,9.8,9.2,10.0,9.8,11.5,10.0,12.3,10.0,10.0,12.3,10.0,10.0,9.8,10.5,10.0,12.3,10.5,10.0,9.8,10.0,10.0,9.8
127,DSO,60.0,,60.0,,60.0,,,,,,,,,,,,,,,,,,,,,,
128,Quantity,,100.0,,95.0,,140.0,100.0,95.0,75.0,100.0,95.0,140.0,80.0,70.0,90.0,100.0,95.0,75.0,100.0,95.0,140.0,120.0,130.0,90.0,80.0,125.0,90.0
128,Price,,10.0,,10.0,,8.8,10.0,10.0,12.3,10.0,10.0,8.8,11.5,12.0,9.8,10.0,10.0,12.3,10.0,10.0,8.8,9.2,9.0,9.8,11.5,9.5,9.8
128,DSO,45.0,,90.0,,45.0,,,,,,,,,,,,,,,,,,,,,,
129,Quantity,,80.0,,125.0,,75.0,100.0,95.0,90.0,110.0,95.0,100.0,80.0,95.0,75.0,100.0,80.0,90.0,80.0,130.0,90.0,100.0,95.0,90.0,100.0,70.0,90.0
129,Price,,11.5,,9.5,,12.3,10.0,10.0,9.8,9.5,10.0,9.0,11.5,10.0,12.3,10.0,11.0,9.8,11.5,9.0,9.8,10.0,10.0,9.8,10.0,12.0,9.8
129,DSO,45.0,,60.0,,60.0,,,,,,,,,,,,,,,,,,,,,,
130,Quantity,,120.0,,95.0,,90.0,80.0,95.0,100.0,100.0,95.0,75.0,100.0,70.0,90.0,100.0,125.0,140.0,100.0,80.0,90.0,100.0,125.0,90.0,80.0,95.0,90.0
130,Price,,9.2,,10.0,,9.8,11.5,10.0,9.0,10.0,10.0,12.3,10.0,12.0,9.8,10.0,9.5,8.8,10.0,11.0,9.8,10.0,9.5,9.8,11.5,10.0,9.8
130,DSO,60.0,,60.0,,60.0,,,,,,,,,,,,,,,,,,,,,,
131,Quantity,,100.0,,95.0,,100.0,110.0,70.0,90.0,90.0,70.0,90.0,100.0,125.0,140.0,110.0,95.0,80.0,120.0,95.0,100.0,80.0,70.0,100.0,110.0,125.0,100.0
131,Price,,10.0,,10.0,,9.0,9.5,12.0,9.8,10.5,12.0,9.8,10.0,9.5,8.8,9.5,10.0,11.0,9.2,10.0,9.0,11.5,12.0,9.0,9.5,9.5,9.0
131,DSO,90.0,,60.0,,60.0,,,,,,,,,,,,,,,,,,,,,,
132,Quantity,,100.0,,70.0,,90.0,100.0,125.0,80.0,100.0,125.0,90.0,110.0,95.0,90.0,80.0,95.0,90.0,100.0,95.0,75.0,110.0,95.0,75.0,100.0,95.0,75.0
132,Price,,10.0,,12.0,,9.8,10.0,9.5,11.0,10.0,9.5,9.8,9.5,10.0,9.8,11.5,10.0,9.8,10.0,10.0,12.3,9.5,10.0,12.3,10.0,10.0,12.3
132,DSO,60.0,,90.0,,60.0,,,,,,,,,,,,,,,,,,,,,,
133,Quantity,,100.0,,80.0,,80.0,110.0,70.0,90.0,100.0,80.0,90.0,100.0,70.0,90.0,90.0,95.0,90.0,110.0,125.0,90.0,100.0,80.0,80.0,100.0,130.0,140.0
133,Price,,10.0,,11.0,,11.0,9.5,12.0,9.8,10.0,11.0,9.8,10.0,12.0,9.8,10.5,10.0,9.8,9.5,9.5,9.8,10.0,11.0,11.0,10.0,9.0,8.8
133,DSO,60.0,,60.0,,90.0,,,,,,,,,,,,,,,,,,,,,,
134,Quantity,,100.0,,95.0,,90.0,100.0,125.0,75.0,110.0,125.0,90.0,120.0,95.0,100.0,120.0,95.0,75.0,100.0,70.0,90.0,100.0,95.0,140.0,110.0,95.0,80.0
134,Price,,10.0,,10.0,,9.8,10.0,9.5,12.3,9.5,9.5,9.8,9.2,10.0,9.0,9.2,10.0,12.3,10.0,12.0,9.8,10.0,10.0,8.8,9.5,10.0,11.0
134,DSO,90.0,,60.0,,60.0,,,,,,,,,,,,,,,,,,,,,,
135,Quantity,,90.0,,95.0,,140.0,100.0,95.0,90.0,100.0,95.0,80.0,90.0,95.0,90.0,100.0,130.0,100.0,80.0,95.0,100.0,80.0,95.0,90.0,80.0,80.0,90.0
135,Price,,10.5,,10.0,,8.8,10.0,10.0,9.8,10.0,10.0,11.0,10.5,10.0,9.8,10.0,9.0,9.0,11.5,10.0,9.0,11.5,10.0,9.8,11.5,11.0,9.8
135,DSO,60.0,,60.0,,45.0,,,,,,,,,,,,,,,,,,,,,,
136,Quantity,,110.0,,130.0,,90.0,80.0,95.0,100.0,80.0,95.0,140.0,100.0,125.0,80.0,100.0,70.0,90.0,100.0,95.0,75.0,120.0,125.0,90.0,100.0,95.0,90.0
136,Price,,9.5,,9.0,,9.8,11.5,10.0,9.0,11.5,10.0,8.8,10.0,9.5,11.0,10.0,12.0,9.8,10.0,10.0,12.3,9.2,9.5,9.8,10.0,10.0,9.8
136,DSO,60.0,,45.0,,60.0,,,,,,,,,,,,,,,,,,,,,,
137,Quantity,,100.0,,95.0,,90.0,120.0,70.0,90.0,100.0,95.0,100.0,120.0,95.0,100.0,90.0,95.0,90.0,110.0,95.0,90.0,100.0,95.0,75.0,110.0,70.0,90.0
137,Price,,10.0,,10.0,,9.8,9.2,12.0,9.8,10.0,10.0,9.0,9.2,10.0,9.0,10.5,10.0,9.8,9.5,10.0,9.8,10.0,10.0,12.3,9.5,12.0,9.8
137,DSO,60.0,,60.0,,45.0,,,,,,,,,,,,,,,,,,,,,,
138,Quantity,,100.0,,70.0,,100.0,100.0,125.0,75.0,90.0,95.0,75.0,100.0,125.0,90.0,120.0,95.0,75.0,100.0,95.0,90.0,100.0,125.0,140.0,100.0,95.0,90.0
138,Price,,10.0,,12.0,,9.0,10.0,9.5,12.3,10.5,10.0,12.3,10.0,9.5,9.8,9.2,10.0,12.3,10.0,10.0,9.8,10.0,9.5,8.8,10.0,10.0,9.8
138,DSO,60.0,,45.0,,60.0,,,,,,,,,,,,,,,,,,,,,,
139,Quantity,,80.0,,130.0,,90.0,100.0,95.0,90.0,100.0,125.0,90.0,100.0,80.0,75.0,100.0,80.0,140.0,90.0,130.0,100.0,120.0,80.0,90.0,100.0,125.0,75.0
139,Price,,11.5,,9.0,,9.8,10.0,10.0,9.8,10.0,9.5,9.8,10.0,11.0,12.3,10.0,11.0,8.8,10.5,9.0,9.0,9.2,11.0,9.8,10.0,9.5,12.3
139,DSO,90.0,,60.0,,60.0,,,,,,,,,,,,,,,,,,,,,,
140,Quantity,,120.0,,95.0,,75.0,80.0,95.0,100.0,110.0,80.0,90.0,90.0,95.0,90.0,100.0,125.0,90.0,100.0,70.0,80.0,90.0,95.0,90.0,90.0,95.0,100.0
140,Price,,9.2,,10.0,,12.3,11.5,10.0,9.0,9.5,11.0,9.8,10.5,10.0,9.8,10.0,9.5,9.8,10.0,12.0,11.0,10.5,10.0,9.8,10.5,10.0,9.0
140,DSO,60.0,,60.0,,60.0,,,,,,,,,,,,,,,,,,,,,,
141,Quantity,,90.0,,95.0,,90.0,100.0,95.0,90.0,80.0,130.0,90.0,100.0,130.0,90.0,100.0,130.0,90.0,80.0,95.0,90.0,100.0,70.0,90.0,80.0,130.0,80.0
141,Price,,10.5,,10.0,,9.8,10.0,10.0,9.8,11.5,9.0,9.8,10.0,9.0,9.8,10.0,9.0,9.8,11.5,10.0,9.8,10.0,12.0,9.8,11.5,9.0,11.0
141,DSO,60.0,,45.0,,60.0,,,,,,,,,,,,,,,,,,,,,,
142,Quantity,,110.0,,125.0,,140.0,90.0,95.0,140.0,100.0,70.0,90.0,80.0,95.0,75.0,100.0,70.0,100.0,100.0,95.0,90.0,100.0,95.0,90.0,100.0,95.0,140.0
142,Price,,9.5,,9.5,,8.8,10.5,10.0,8.8,10.0,12.0,9.8,11.5,10.0,12.3,10.0,12.0,9.0,10.0,10.0,9.8,10.0,10.0,9.8,10.0,10.0,8.8
142,DSO,60.0,,90.0,,90.0,,,,,,,,,,,,,,,,,,,,,,
143,Quantity,,100.0,,70.0,,90.0,110.0,80.0,90.0,120.0,95.0,80.0,110.0,95.0,90.0,110.0,95.0,75.0,110.0,125.0,140.0,110.0,95.0,100.0,100.0,80.0,90.0
143,Price,,10.0,,12.0,,9.8,9.5,11.0,9.8,9.2,10.0,11.0,9.5,10.0,9.8,9.5,10.0,12.3,9.5,9.5,8.8,9.5,10.0,9.0,10.0,11.0,9.8
143,DSO,60.0,,60.0,,60.0,,,,,,,,,,,,,,,,,,,,,,
144,Quantity,,100.0,,95.0,,80.0,100.0,130.0,80.0,100.0,95.0,140.0,100.0,70.0,100.0,80.0,95.0,90.0,100.0,70.0,75.0,80.0,130.0,75.0,120.0,95.0,90.0
144,Price,,10.0,,10.0,,11.0,10.0,9.0,11.0,10.0,10.0,8.8,10.0,12.0,9.0,11.5,10.0,9.8,10.0,12.0,12.3,11.5,9.0,12.3,9.2,10.0,9.8
144,DSO,60.0,,60.0,,45.0,,,,,,,,,,,,,,,,,,,,,,
145,Quantity,,100.0,,95.0,,140.0,90.0,80.0,75.0,120.0,95.0,90.0,100.0,80.0,90.0,100.0,95.0,140.0,120.0,130.0,90.0,90.0,130.0,90.0,80.0,80.0,90.0
145,Price,,10.0,,10.0,,8.8,10.5,11.0,12.3,9.2,10.0,9.8,10.0,11.0,9.8,10.0,10.0,8.8,9.2,9.0,9.8,10.5,9.0,9.8,11.5,11.0,9.8
145,DSO,45.0,,45.0,,60.0,,,,,,,,,,,,,,,,,,,,,,
146,Quantity,,100.0,,130.0,,90.0,100.0,130.0,90.0,100.0,95.0,90.0,90.0,95.0,140.0,100.0,95.0,90.0,100.0,80.0,90.0,120.0,95.0,90.0,100.0,95.0,90.0
146,Price,,10.0,,9.0,,9.8,10.0,9.0,9.8,10.0,10.0,9.8,10.5,10.0,8.8,10.0,10.0,9.8,10.0,11.0,9.8,9.2,10.0,9.8,10.0,10.0,9.8
146,DSO,60.0,,90.0,,60.0,,,,,,,,,,,,,,,,,,,,,,
147,Quantity,,90.0,,80.0,,80.0,100.0,95.0,100.0,80.0,70.0,75.0,110.0,95.0,90.0,110.0,80.0,90.0,80.0,95.0,80.0,100.0,95.0,75.0,100.0,130.0,140.0
147,Price,,10.5,,11.0,,11.0,10.0,10.0,9.0,11.5,12.0,12.3,9.5,10.0,9.8,9.5,11.0,9.8,11.5,10.0,11.0,10.0,10.0,12.3,10.0,9.0,8.8
147,DSO,60.0,,60.0,,60.0,,,,,,,,,,,,,,,,,,,,,,
148,Quantity,,110.0,,95.0,,90.0,110.0,95.0,90.0,100.0,130.0,140.0,100.0,125.0,75.0,80.0,125.0,80.0,100.0,95.0,100.0,100.0,70.0,100.0,120.0,95.0,80.0
148,Price,,9.5,,10.0,,9.8,9.5,10.0,9.8,10.0,9.0,8.8,10.0,9.5,12.3,11.5,9.5,11.0,10.0,10.0,9.0,10.0,12.0,9.0,9.2,10.0,11.0
148,DSO,60.0,,60.0,,60.0,,,,,,,,,,,,,,,,,,,,,,
149,Quantity,,80.0,,95.0,,100.0,100.0,95.0,140.0,100.0,70.0,100.0,110.0,95.0,80.0,90.0,130.0,75.0,90.0,125.0,90.0,80.0,95.0,140.0,110.0,125.0,100.0
149,Price,,11.5,,10.0,,9.0,10.0,10.0,8.8,10.0,12.0,9.0,9.5,10.0,11.0,10.5,9.0,12.3,10.5,9.5,9.8,11.5,10.0,8.8,9.5,9.5,9.0
149,DSO,60.0,,90.0,,60.0,,,,,,,,,,,,,,,,,,,,,,
150,Quantity,,110.0,,70.0,,90.0,120.0,95.0,90.0,110.0,125.0,75.0,100.0,70.0,90.0,120.0,70.0,90.0,100.0,70.0,90.0,110.0,80.0,80.0,100.0,95.0,75.0
150,Price,,9.5,,12.0,,9.8,9.2,10.0,9.8,9.5,9.5,12.3,10.0,12.0,9.8,9.2,12.0,9.8,10.0,12.0,9.8,9.5,11.0,11.0,10.0,10.0,12.3
150,DSO,90.0,,60.0,,45.0,,,,,,,,,,,,,,,,,,,,,,
151,Quantity,,100.0,,125.0,,75.0,80.0,70.0,75.0,100.0,95.0,90.0,100.0,130.0,100.0,100.0,95.0,90.0,110.0,95.0,75.0,100.0,125.0,90.0,100.0,70.0,90.0
151,Price,,10.0,,9.5,,12.3,11.5,12.0,12.3,10.0,10.0,9.8,10.0,9.0,9.0,10.0,10.0,9.8,9.5,10.0,12.3,10.0,9.5,9.8,10.0,12.0,9.8
151,DSO,60.0,,60.0,,60.0,,,,,,,,,,,,,,,,,,,,,,
152,Quantity,,100.0,,95.0,,90.0,100.0,125.0,90.0,90.0,95.0,90.0,80.0,95.0,90.0,100.0,95.0,100.0,100.0,95.0,140.0,100.0,95.0,90.0,90.0,95.0,90.0
152,Price,,10.0,,10.0,,9.8,10.0,9.5,9.8,10.5,10.0,9.8,11.5,10.0,9.8,10.0,10.0,9.0,10.0,10.0,8.8,10.0,10.0,9.8,10.5,10.0,9.8
152,DSO,60.0,,60.0,,90.0,,,,,,,,,,,,,,,,,,,,,,
153,Quantity,,90.0,,70.0,,90.0,100.0,95.0,140.0,100.0,95.0,90.0,100.0,130.0,90.0,80.0,70.0,80.0,90.0,95.0,90.0,110.0,125.0,100.0,100.0,70.0,90.0
153,Price,,10.5,,12.0,,9.8,10.0,10.0,8.8,10.0,10.0,9.8,10.0,9.0,9.8,11.5,12.0,11.0,10.5,10.0,9.8,9.5,9.5,9.0,10.0,12.0,9.8
153,DSO,60.0,,60.0,,60.0,,,,,,,,,,,,,,,,,,,,,,
154,Quantity,,110.0,,95.0,,75.0,120.0,95.0,90.0,80.0,95.0,90.0,110.0,95.0,75.0,120.0,125.0,90.0,100.0,95.0,90.0,80.0,95.0,80.0,110.0,95.0,90.0
154,Price,,9.5,,10.0,,12.3,9.2,10.0,9.8,11.5,10.0,9.8,9.5,10.0,12.3,9.2,9.5,9.8,10.0,10.0,9.8,11.5,10.0,11.0,9.5,10.0,9.8
154,DSO,60.0,,60.0,,90.0,,,,,,,,,,,,,,,,,,,,,,
155,Quantity,,100.0,,95.0,,90.0,80.0,70.0,80.0,100.0,125.0,80.0,80.0,95.0,90.0,100.0,95.0,90.0,110.0,125.0,75.0,100.0,95.0,90.0,90.0,125.0,75.0
155,Price,,10.0,,10.0,,9.8,11.5,12.0,11.0,10.0,9.5,11.0,11.5,10.0,9.8,10.0,10.0,9.8,9.5,9.5,12.3,10.0,10.0,9.8,10.5,9.5,12.3
155,DSO,90.0,,90.0,,60.0,,,,,,,,,,,,,,,,,,,,,,
156,Quantity,,100.0,,125.0,,100.0,100.0,125.0,90.0,120.0,80.0,140.0,100.0,70.0,140.0,100.0,95.0,100.0,100.0,80.0,140.0,100.0,80.0,90.0,100.0,95.0,140.0
156,Price,,10.0,,9.5,,9.0,10.0,9.5,9.8,9.2,11.0,8.8,10.0,12.0,8.8,10.0,10.0,9.0,10.0,11.0,8.8,10.0,11.0,9.8,10.0,10.0,8.8
156,DSO,60.0,,60.0,,45.0,,,,,,,,,,,,,,,,,,,,,,
157,Quantity,,100.0,,125.0,,90.0,90.0,80.0,75.0,80.0,130.0,100.0,90.0,95.0,100.0,100.0,95.0,100.0,120.0,95.0,90.0,110.0,95.0,90.0,100.0,125.0,75.0
157,Price,,10.0,,9.5,,9.8,10.5,11.0,12.3,11.5,9.0,9.0,10.5,10.0,9.0,10.0,10.0,9.0,9.2,10.0,9.8,9.5,10.0,9.8,10.0,9.5,12.3
157,DSO,60.0,,60.0,,45.0,,,,,,,,,,,,,,,,,,,,,,
158,Quantity,,100.0,,95.0,,75.0,100.0,130.0,90.0,100.0,70.0,75.0,100.0,125.0,90.0,100.0,95.0,90.0,100.0,95.0,90.0,90.0,70.0,90.0,80.0,95.0,100.0
158,Price,,10.0,,10.0,,12.3,10.0,9.0,9.8,10.0,12.0,12.3,10.0,9.5,9.8,10.0,10.0,9.8,10.0,10.0,9.8,10.5,12.0,9.8,11.5,10.0,9.0
158,DSO,90.0,,60.0,,60.0,,,,,,,,,,,,,,,,,,,,,,
159,Quantity,,80.0,,95.0,,90.0,100.0,95.0,100.0,110.0,95.0,90.0,100.0,80.0,80.0,110.0,130.0,90.0,80.0,125.0,80.0,100.0,130.0,75.0,120.0,70.0,90.0
159,Price,,11.5,,10.0,,9.8,10.0,10.0,9.0,9.5,10.0,9.8,10.0,11.0,11.0,9.5,9.0,9.8,11.5,9.5,11.0,10.0,9.0,12.3,9.2,12.0,9.8
159,DSO,60.0,,45.0,,90.0,,,,,,,,,,,,,,,,,,,,,,
160,Quantity,,120.0,,80.0,,100.0,110.0,95.0,90.0,100.0,95.0,90.0,120.0,95.0,90.0,80.0,70.0,75.0,100.0,70.0,100.0,100.0,95.0,100.0,100.0,95.0,90.0
160,Price,,9.2,,11.0,,9.0,9.5,10.0,9.8,10.0,10.0,9.8,9.2,10.0,9.8,11.5,12.0,12.3,10.0,12.0,9.0,10.0,10.0,9.0,10.0,10.0,9.8
160,DSO,45.0,,60.0,,60.0,,,,,,,,,,,,,,,,,,,,,,
161,Quantity,,100.0,,95.0,,100.0,100.0,95.0,90.0,110.0,125.0,90.0,100.0,95.0,100.0,100.0,70.0,90.0,100.0,80.0,140.0,100.0,80.0,75.0,100.0,70.0,90.0
161,Price,,10.0,,10.0,,9.0,10.0,10.0,9.8,9.5,9.5,9.8,10.0,10.0,9.0,10.0,12.0,9.8,10.0,11.0,8.8,10.0,11.0,12.3,10.0,12.0,9.8
161,DSO,45.0,,60.0,,60.0,,,,,,,,,,,,,,,,,,,,,,
162,Quantity,,100.0,,125.0,,90.0,110.0,95.0,75.0,100.0,80.0,90.0,120.0,125.0,90.0,100.0,130.0,100.0,110.0,130.0,75.0,100.0,95.0,100.0,90.0,95.0,90.0
162,Price,,10.0,,9.5,,9.8,9.5,10.0,12.3,10.0,11.0,9.8,9.2,9.5,9.8,10.0,9.0,9.0,9.5,9.0,12.3,10.0,10.0,9.0,10.5,10.0,9.8
162,DSO,60.0,,60.0,,45.0,,,,,,,,,,,,,,,,,,,,,,
163,Quantity,,80.0,,70.0,,80.0,90.0,125.0,90.0,90.0,95.0,100.0,80.0,80.0,80.0,110.0,95.0,80.0,100.0,95.0,90.0,120.0,95.0,90.0,110.0,125.0,140.0
163,Price,,11.5,,12.0,,11.0,10.5,9.5,9.8,10.5,10.0,9.0,11.5,11.0,11.0,9.5,10.0,11.0,10.0,10.0,9.8,9.2,10.0,9.8,9.5,9.5,8.8
163,DSO,90.0,,60.0,,60.0,,,,,,,,,,,,,,,,,,,,,,
164,Quantity,,120.0,,95.0,,90.0,100.0,70.0,100.0,100.0,95.0,80.0,100.0,95.0,90.0,80.0,95.0,90.0,90.0,95.0,90.0,90.0,125.0,90.0,100.0,95.0,80.0
164,Price,,9.2,,10.0,,9.8,10.0,12.0,9.0,10.0,10.0,11.0,10.0,10.0,9.8,11.5,10.0,9.8,10.5,10.0,9.8,10.5,9.5,9.8,10.0,10.0,11.0
164,DSO,60.0,,45.0,,90.0,,,,,,,,,,,,,,,,,,,,,,
165,Quantity,,90.0,,95.0,,100.0,80.0,130.0,90.0,100.0,95.0,75.0,80.0,130.0,90.0,80.0,95.0,90.0,100.0,70.0,100.0,100.0,95.0,90.0,100.0,125.0,100.0
165,Price,,10.5,,10.0,,9.0,11.5,9.0,9.8,10.0,10.0,12.3,11.5,9.0,9.8,11.5,10.0,9.8,10.0,12.0,9.0,10.0,10.0,9.8,10.0,9.5,9.0
165,DSO,60.0,,60.0,,60.0,,,,,,,,,,,,,,,,,,,,,,
166,Quantity,,110.0,,80.0,,90.0,100.0,80.0,140.0,120.0,95.0,100.0,100.0,95.0,75.0,120.0,95.0,75.0,80.0,125.0,80.0,100.0,130.0,90.0,120.0,95.0,75.0
166,Price,,9.5,,11.0,,9.8,10.0,11.0,8.8,9.2,10.0,9.0,10.0,10.0,12.3,9.2,10.0,12.3,11.5,9.5,11.0,10.0,9.0,9.8,9.2,10.0,12.3
166,DSO,90.0,,60.0,,60.0,,,,,,,,,,,,,,,,,,,,,,
167,Quantity,,100.0,,130.0,,75.0,100.0,95.0,90.0,100.0,125.0,90.0,100.0,95.0,90.0,100.0,125.0,100.0,100.0,95.0,90.0,110.0,70.0,140.0,80.0,70.0,90.0
167,Price,,10.0,,9.0,,12.3,10.0,10.0,9.8,10.0,9.5,9.8,10.0,10.0,9.8,10.0,9.5,9.0,10.0,10.0,9.8,9.5,12.0,8.8,11.5,12.0,9.8
167,DSO,60.0,,45.0,,45.0,,,,,,,,,,,,,,,,,,,,,,
168,Quantity,,100.0,,95.0,,90.0,120.0,95.0,75.0,80.0,70.0,90.0,110.0,70.0,140.0,100.0,80.0,90.0,120.0,95.0,90.0,80.0,95.0,80.0,100.0,95.0,90.0
168,Price,,10.0,,10.0,,9.8,9.2,10.0,12.3,11.5,12.0,9.8,9.5,12.0,8.8,10.0,11.0,9.8,9.2,10.0,9.8,11.5,10.0,11.0,10.0,10.0,9.8
168,DSO,60.0,,90.0,,60.0,,,,,,,,,,,,,,,,,,,,,,
169,Quantity,,80.0,,80.0,,90.0,80.0,130.0,90.0,100.0,70.0,90.0,100.0,95.0,80.0,90.0,95.0,90.0,100.0,95.0,100.0,100.0,70.0,90.0,120.0,80.0,90.0
169,Price,,11.5,,11.0,,9.8,11.5,9.0,9.8,10.0,12.0,9.8,10.0,10.0,11.0,10.5,10.0,9.8,10.0,10.0,9.0,10.0,12.0,9.8,9.2,11.0,9.8
169,DSO,60.0,,60.0,,45.0,,,,,,,,,,,,,,,,,,,,,,
170,Quantity,,120.0,,95.0,,80.0,100.0,80.0,140.0,80.0,130.0,90.0,80.0,70.0,90.0,110.0,95.0,80.0,80.0,95.0,75.0,100.0,95.0,90.0,100.0,95.0,90.0
170,Price,,9.2,,10.0,,11.0,10.0,11.0,8.8,11.5,9.0,9.8,11.5,12.0,9.8,9.5,10.0,11.0,11.5,10.0,12.3,10.0,10.0,9.8,10.0,10.0,9.8
170,DSO,60.0,,90.0,,60.0,,,,,,,,,,,,,,,,,,,,,,
171,Quantity,,100.0,,95.0,,90.0,100.0,95.0,90.0,100.0,95.0,140.0,110.0,130.0,100.0,100.0,70.0,140.0,100.0,80.0,90.0,80.0,95.0,140.0,100.0,130.0,75.0
171,Price,,10.0,,10.0,,9.8,10.0,10.0,9.8,10.0,10.0,8.8,9.5,9.0,9.0,10.0,12.0,8.8,10.0,11.0,9.8,11.5,10.0,8.8,10.0,9.0,12.3
171,DSO,90.0,,60.0,,90.0,,,,,,,,,,,,,,,,,,,,,,
172,Quantity,,100.0,,125.0,,140.0,120.0,95.0,80.0,110.0,95.0,80.0,100.0,95.0,90.0,100.0,130.0,90.0,120.0,130.0,90.0,110.0,130.0,75.0,80.0,95.0,140.0
172,Price,,10.0,,9.5,,8.8,9.2,10.0,11.0,9.5,10.0,11.0,10.0,10.0,9.8,10.0,9.0,9.8,9.2,9.0,9.8,9.5,9.0,12.3,11.5,10.0,8.8
172,DSO,60.0,,60.0,,60.0,,,,,,,,,,,,,,,,,,,,,,
173,Quantity,,100.0,,125.0,,90.0,100.0,95.0,90.0,80.0,95.0,75.0,120.0,80.0,90.0,100.0,125.0,90.0,100.0,95.0,100.0,100.0,95.0,75.0,90.0,125.0,75.0
173,Price,,10.0,,9.5,,9.8,10.0,10.0,9.8,11.5,10.0,12.3,9.2,11.0,9.8,10.0,9.5,9.8,10.0,10.0,9.0,10.0,10.0,12.3,10.5,9.5,12.3
173,DSO,60.0,,60.0,,60.0,,,,,,,,,,,,,,,,,,,,,,
174,Quantity,,100.0,,95.0,,75.0,110.0,95.0,75.0,100.0,95.0,100.0,100.0,95.0,140.0,100.0,70.0,100.0,110.0,95.0,75.0,100.0,125.0,100.0,100.0,95.0,100.0
174,Price,,10.0,,10.0,,12.3,9.5,10.0,12.3,10.0,10.0,9.0,10.0,10.0,8.8,10.0,12.0,9.0,9.5,10.0,12.3,10.0,9.5,9.0,10.0,10.0,9.0
174,DSO,60.0,,45.0,,60.0,,,,,,,,,,,,,,,,,,,,,,
175,Quantity,,90.0,,95.0,,90.0,90.0,125.0,90.0,120.0,80.0,90.0,100.0,95.0,90.0,110.0,95.0,75.0,100.0,70.0,90.0,80.0,80.0,90.0,100.0,70.0,90.0
175,Price,,10.5,,10.0,,9.8,10.5,9.5,9.8,9.2,11.0,9.8,10.0,10.0,9.8,9.5,10.0,12.3,10.0,12.0,9.8,11.5,11.0,9.8,10.0,12.0,9.8
175,DSO,60.0,,60.0,,60.0,,,,,,,,,,,,,,,,,,,,,,
176,Quantity,,110.0,,70.0,,100.0,100.0,70.0,100.0,100.0,125.0,90.0,90.0,125.0,75.0,80.0,95.0,90.0,90.0,125.0,90.0,120.0,95.0,90.0,110.0,95.0,90.0
176,Price,,9.5,,12.0,,9.0,10.0,12.0,9.0,10.0,9.5,9.8,10.5,9.5,12.3,11.5,10.0,9.8,10.5,9.5,9.8,9.2,10.0,9.8,9.5,10.0,9.8
176,DSO,45.0,,60.0,,45.0,,,,,,,,,,,,,,,,,,,,,,
177,Quantity,,90.0,,130.0,,75.0,110.0,125.0,100.0,120.0,125.0,75.0,110.0,130.0,90.0,100.0,95.0,140.0,100.0,80.0,80.0,110.0,95.0,100.0,80.0,70.0,90.0
177,Price,,10.5,,9.0,,12.3,9.5,9.5,9.0,9.2,9.5,12.3,9.5,9.0,9.8,10.0,10.0,8.8,10.0,11.0,11.0,9.5,10.0,9.0,11.5,12.0,9.8
177,DSO,60.0,,90.0,,90.0,,,,,,,,,,,,,,,,,,,,,,
178,Quantity,,110.0,,95.0,,90.0,100.0,70.0,90.0,100.0,80.0,100.0,100.0,95.0,80.0,100.0,95.0,90.0,80.0,130.0,100.0,80.0,80.0,75.0,100.0,95.0,90.0
178,Price,,9.5,,10.0,,9.8,10.0,12.0,9.8,10.0,11.0,9.0,10.0,10.0,11.0,10.0,10.0,9.8,11.5,9.0,9.0,11.5,11.0,12.3,10.0,10.0,9.8
178,DSO,60.0,,60.0,,60.0,,,,,,,,,,,,,,,,,,,,,,
179,Quantity,,100.0,,95.0,,100.0,100.0,95.0,80.0,80.0,95.0,90.0,100.0,95.0,90.0,110.0,70.0,90.0,100.0,95.0,90.0,100.0,125.0,90.0,100.0,125.0,100.0
179,Price,,10.0,,10.0,,9.0,10.0,10.0,11.0,11.5,10.0,9.8,10.0,10.0,9.8,9.5,12.0,9.8,10.0,10.0,9.8,10.0,9.5,9.8,10.0,9.5,9.0
179,DSO,60.0,,60.0,,45.0,,,,,,,,,,,,,,,,,,,,,,
180,Quantity,,100.0,,80.0,,90.0,80.0,95.0,90.0,100.0,95.0,90.0,80.0,70.0,100.0,80.0,125.0,80.0,110.0,95.0,90.0,100.0,95.0,90.0,110.0,95.0,75.0
180,Price,,10.0,,11.0,,9.8,11.5,10.0,9.8,10.0,10.0,9.8,11.5,12.0,9.0,11.5,9.5,11.0,9.5,10.0,9.8,10.0,10.0,9.8,9.5,10.0,12.3
180,DSO,60.0,,60.0,,60.0,,,,,,,,,,,,,,,,,,,,,,
181,Quantity,,100.0,,70.0,,80.0,100.0,95.0,75.0,100.0,95.0,90.0,100.0,95.0,140.0,90.0,125.0,75.0,100.0,70.0,75.0,110.0,130.0,90.0,110.0,130.0,140.0
181,Price,,10.0,,12.0,,11.0,10.0,10.0,12.3,10.0,10.0,9.8,10.0,10.0,8.8,10.5,9.5,12.3,10.0,12.0,12.3,9.5,9.0,9.8,9.5,9.0,8.8
181,DSO,60.0,,45.0,,60.0,,,,,,,,,,,,,,,,,,,,,,
182,Quantity,,100.0,,95.0,,90.0,80.0,95.0,90.0,110.0,95.0,90.0,90.0,125.0,90.0,120.0,80.0,90.0,120.0,125.0,140.0,90.0,95.0,90.0,100.0,95.0,80.0
182,Price,,10.0,,10.0,,9.8,11.5,10.0,9.8,9.5,10.0,9.8,10.5,9.5,9.8,9.2,11.0,9.8,9.2,9.5,8.8,10.5,10.0,9.8,10.0,10.0,11.0
182,DSO,90.0,,60.0,,60.0,,,,,,,,,,,,,,,,,,,,,,
183,Quantity,,80.0,,95.0,,140.0,110.0,130.0,100.0,100.0,130.0,140.0,120.0,80.0,75.0,100.0,95.0,90.0,100.0,95.0,90.0,100.0,95.0,80.0,100.0,80.0,90.0
183,Price,,11.5,,10.0,,8.8,9.5,9.0,9.0,10.0,9.0,8.8,9.2,11.0,12.3,10.0,10.0,9.8,10.0,10.0,9.8,10.0,10.0,11.0,10.0,11.0,9.8
183,DSO,60.0,,60.0,,60.0,,,,,,,,,,,,,,,,,,,,,,
184,Quantity,,110.0,,125.0,,90.0,100.0,80.0,90.0,90.0,70.0,80.0,100.0,95.0,90.0,100.0,95.0,100.0,80.0,95.0,90.0,100.0,70.0,140.0,80.0,95.0,90.0
184,Price,,9.5,,9.5,,9.8,10.0,11.0,9.8,10.5,12.0,11.0,10.0,10.0,9.8,10.0,10.0,9.0,11.5,10.0,9.8,10.0,12.0,8.8,11.5,10.0,9.8
184,DSO,60.0,,60.0,,60.0,,,,,,,,,,,,,,,,,,,,,,
185,Quantity,,100.0,,95.0,,90.0,100.0,95.0,75.0,100.0,70.0,75.0,90.0,70.0,90.0,90.0,70.0,80.0,100.0,95.0,75.0,90.0,95.0,90.0,100.0,70.0,90.0
185,Price,,10.0,,10.0,,9.8,10.0,10.0,12.3,10.0,12.0,12.3,10.5,12.0,9.8,10.5,12.0,11.0,10.0,10.0,12.3,10.5,10.0,9.8,10.0,12.0,9.8
185,DSO,60.0,,60.0,,60.0,,,,,,,,,,,,,,,,,,,,,,
186,Quantity,,100.0,,70.0,,100.0,80.0,95.0,90.0,80.0,130.0,100.0,100.0,95.0,100.0,120.0,130.0,90.0,120.0,95.0,140.0,120.0,70.0,90.0,120.0,95.0,90.0
186,Price,,10.0,,12.0,,9.0,11.5,10.0,9.8,11.5,9.0,9.0,10.0,10.0,9.0,9.2,9.0,9.8,9.2,10.0,8.8,9.2,12.0,9.8,9.2,10.0,9.8
186,DSO,60.0,,60.0,,90.0,,,,,,,,,,,,,,,,,,,,,,
187,Quantity,,80.0,,125.0,,90.0,120.0,125.0,100.0,100.0,95.0,90.0,100.0,95.0,90.0,100.0,95.0,90.0,100.0,80.0,90.0,100.0,125.0,80.0,80.0,125.0,75.0
187,Price,,11.5,,9.5,,9.8,9.2,9.5,9.0,10.0,10.0,9.8,10.0,10.0,9.8,10.0,10.0,9.8,10.0,11.0,9.8,10.0,9.5,11.0,11.5,9.5,12.3
187,DSO,90.0,,45.0,,60.0,,,,,,,,,,,,,,,,,,,,,,
188,Quantity,,110.0,,95.0,,75.0,100.0,70.0,90.0,120.0,95.0,90.0,110.0,125.0,75.0,100.0,95.0,140.0,80.0,130.0,90.0,100.0,95.0,140.0,100.0,95.0,100.0
188,Price,,9.5,,10.0,,12.3,10.0,12.0,9.8,9.2,10.0,9.8,9.5,9.5,12.3,10.0,10.0,8.8,11.5,9.0,9.8,10.0,10.0,8.8,10.0,10.0,9.0
188,DSO,60.0,,60.0,,45.0,,,,,,,,,,,,,,,,,,,,,,
189,Quantity,,80.0,,95.0,,90.0,110.0,125.0,140.0,90.0,95.0,90.0,100.0,95.0,75.0,100.0,95.0,100.0,100.0,95.0,80.0,80.0,125.0,100.0,100.0,130.0,80.0
189,Price,,11.5,,10.0,,9.8,9.5,9.5,8.8,10.5,10.0,9.8,10.0,10.0,12.3,10.0,10.0,9.0,10.0,10.0,11.0,11.5,9.5,9.0,10.0,9.0,11.0
189,DSO,60.0,,60.0,,45.0,,,,,,,,,,,,,,,,,,,,,,
190,Quantity,,120.0,,130.0,,140.0,100.0,70.0,90.0,100.0,95.0,90.0,110.0,70.0,90.0,100.0,95.0,90.0,90.0,95.0,100.0,110.0,95.0,75.0,90.0,95.0,100.0
190,Price,,9.2,,9.0,,8.8,10.0,12.0,9.8,10.0,10.0,9.8,9.5,12.0,9.8,10.0,10.0,9.8,10.5,10.0,9.0,9.5,10.0,12.3,10.5,10.0,9.0
190,DSO,90.0,,60.0,,60.0,,,,,,,,,,,,,,,,,,,,,,
191,Quantity,,100.0,,70.0,,90.0,100.0,95.0,80.0,110.0,80.0,140.0,80.0,130.0,140.0,110.0,125.0,90.0,100.0,70.0,90.0,100.0,95.0,90.0,110.0,80.0,90.0
191,Price,,10.0,,12.0,,9.8,10.0,10.0,11.0,9.5,11.0,8.8,11.5,9.0,8.8,9.5,9.5,9.8,10.0,12.0,9.8,10.0,10.0,9.8,9.5,11.0,9.8
191,DSO,60.0,,90.0,,90.0,,,,,,,,,,,,,,,,,,,,,,
192,Quantity,,100.0,,95.0,,80.0,90.0,95.0,90.0,100.0,125.0,75.0,100.0,95.0,90.0,80.0,80.0,75.0,110.0,125.0,90.0,100.0,70.0,90.0,100.0,95.0,90.0
192,Price,,10.0,,10.0,,11.0,10.5,10.0,9.8,10.0,9.5,12.3,10.0,10.0,9.8,11.5,11.0,12.3,9.5,9.5,9.8,10.0,12.0,9.8,10.0,10.0,9.8
192,DSO,45.0,,60.0,,60.0,,,,,,,,,,,,,,,,,,,,,,
193,Quantity,,100.0,,70.0,,90.0,80.0,95.0,100.0,110.0,80.0,140.0,100.0,70.0,140.0,100.0,95.0,75.0,100.0,95.0,90.0,90.0,95.0,100.0,100.0,125.0,90.0
193,Price,,10.0,,12.0,,9.8,11.5,10.0,9.0,9.5,11.0,8.8,10.0,12.0,8.8,10.0,10.0,12.3,10.0,10.0,9.8,10.5,10.0,9.0,10.0,9.5,9.8
193,DSO,45.0,,90.0,,45.0,,,,,,,,,,,,,,,,,,,,,,
194,Quantity,,100.0,,95.0,,140.0,100.0,95.0,90.0,100.0,125.0,80.0,120.0,95.0,90.0,100.0,95.0,90.0,120.0,95.0,90.0,120.0,130.0,75.0,120.0,95.0,90.0
194,Price,,10.0,,10.0,,8.8,10.0,10.0,9.8,10.0,9.5,11.0,9.2,10.0,9.8,10.0,10.0,9.8,9.2,10.0,9.8,9.2,9.0,12.3,9.2,10.0,9.8
194,DSO,60.0,,45.0,,60.0,,,,,,,,,,,,,,,,,,,,,,
195,Quantity,,90.0,,95.0,,90.0,100.0,70.0,75.0,80.0,95.0,90.0,90.0,95.0,75.0,80.0,70.0,90.0,100.0,70.0,80.0,100.0,70.0,90.0,80.0,70.0,75.0
195,Price,,10.5,,10.0,,9.8,10.0,12.0,12.3,11.5,10.0,9.8,10.5,10.0,12.3,11.5,12.0,9.8,10.0,12.0,11.0,10.0,12.0,9.8,11.5,12.0,12.3
195,DSO,90.0,,60.0,,90.0,,,,,,,,,,,,,,,,,,,,,,
196,Quantity,,110.0,,125.0,,80.0,120.0,125.0,90.0,100.0,95.0,90.0,100.0,125.0,90.0,110.0,125.0,140.0,80.0,125.0,100.0,100.0,95.0,90.0,100.0,95.0,140.0
196,Price,,9.5,,9.5,,11.0,9.2,9.5,9.8,10.0,10.0,9.8,10.0,9.5,9.8,9.5,9.5,8.8,11.5,9.5,9.0,10.0,10.0,9.8,10.0,10.0,8.8
196,DSO,60.0,,60.0,,60.0,,,,,,,,,,,,,,,,,,,,,,
197,Quantity,,80.0,,130.0,,90.0,100.0,80.0,75.0,100.0,95.0,90.0,80.0,95.0,90.0,120.0,125.0,100.0,100.0,95.0,90.0,80.0,80.0,90.0,100.0,80.0,75.0
197,Price,,11.5,,9.0,,9.8,10.0,11.0,12.3,10.0,10.0,9.8,11.5,10.0,9.8,9.2,9.5,9.0,10.0,10.0,9.8,11.5,11.0,9.8,10.0,11.0,12.3
197,DSO,60.0,,45.0,,60.0,,,,,,,,,,,,,,,,,,,,,,
198,Quantity,,120.0,,95.0,,100.0,110.0,130.0,90.0,120.0,95.0,90.0,100.0,80.0,80.0,90.0,80.0,90.0,90.0,95.0,90.0,110.0,95.0,90.0,90.0,95.0,100.0
198,Price,,9.2,,10.0,,9.0,9.5,9.0,9.8,9.2,10.0,9.8,10.0,11.0,11.0,10.5,11.0,9.8,10.5,10.0,9.8,9.5,10.0,9.8,10.5,10.0,9.0
198,DSO,90.0,,60.0,,60.0,,,,,,,,,,,,,,,,,,,,,,
199,Quantity,,100.0,,95.0,,90.0,90.0,95.0,140.0,100.0,70.0,75.0,100.0,125.0,90.0,100.0,95.0,90.0,100.0,70.0,75.0,100.0,95.0,80.0,110.0,130.0,90.0
199,Price,,10.0,,10.0,,9.8,10.5,10.0,8.8,10.0,12.0,12.3,10.0,9.5,9.8,10.0,10.0,9.8,10.0,12.0,12.3,10.0,10.0,11.0,9.5,9.0,9.8
199,DSO,60.0,,60.0,,60.0,,,,,,,,,,,,,,,,,,,,,,
200,Quantity,,100.0,,70.0,,75.0,100.0,95.0,90.0,80.0,130.0,100.0,110.0,95.0,100.0,100.0,95.0,75.0,110.0,130.0,140.0,100.0,125.0,140.0,100.0,95.0,90.0
200,Price,,10.0,,12.0,,12.3,10.0,10.0,9.8,11.5,9.0,9.0,9.5,10.0,9.0,10.0,10.0,12.3,9.5,9.0,8.8,10.0,9.5,8.8,10.0,10.0,9.8
200,DSO,60.0,,60.0,,45.0,,,,,,,,,,,,,,,,,,,,,,
201,Quantity,,90.0,,95.0,,80.0,100.0,70.0,80.0,100.0,125.0,140.0,100.0,125.0,75.0,120.0,70.0,140.0,100.0,70.0,90.0,110.0,95.0,90.0,90.0,125.0,90.0
201,Price,,10.5,,10.0,,11.0,10.0,12.0,11.0,10.0,9.5,8.8,10.0,9.5,12.3,9.2,12.0,8.8,10.0,12.0,9.8,9.5,10.0,9.8,10.5,9.5,9.8
201,DSO,60.0,,60.0,,60.0,,,,,,,,,,,,,,,,,,,,,,
202,Quantity,,110.0,,130.0,,90.0,110.0,130.0,90.0,90.0,70.0,75.0,80.0,95.0,90.0,90.0,130.0,90.0,90.0,125.0,90.0,80.0,125.0,90.0,100.0,95.0,90.0
202,Price,,9.5,,9.0,,9.8,9.5,9.0,9.8,10.5,12.0,12.3,11.5,10.0,9.8,10.5,9.0,9.8,10.5,9.5,9.8,11.5,9.5,9.8,10.0,10.0,9.8
202,DSO,60.0,,60.0,,45.0,,,,,,,,,,,,,,,,,,,,,,
203,Quantity,,100.0,,80.0,,140.0,90.0,95.0,140.0,100.0,95.0,90.0,110.0,95.0,140.0,100.0,95.0,90.0,100.0,95.0,75.0,100.0,80.0,80.0,100.0,70.0,140.0
203,Price,,10.0,,11.0,,8.8,10.5,10.0,8.8,10.0,10.0,9.8,9.5,10.0,8.8,10.0,10.0,9.8,10.0,10.0,12.3,10.0,11.0,11.0,10.0,12.0,8.8
203,DSO,90.0,,45.0,,60.0,,,,,,,,,,,,,,,,,,,,,,
204,Quantity,,100.0,,95.0,,90.0,100.0,95.0,90.0,110.0,95.0,90.0,100.0,80.0,90.0,100.0,95.0,80.0,110.0,95.0,140.0,100.0,95.0,100.0,110.0,95.0,80.0
204,Price,,10.0,,10.0,,9.8,10.0,10.0,9.8,9.5,10.0,9.8,10.0,11.0,9.8,10.0,10.0,11.0,9.5,10.0,8.8,10.0,10.0,9.0,9.5,10.0,11.0
204,DSO,60.0,,60.0,,90.0,,,,,,,,,,,,,,,,,,,,,,
205,Quantity,,100.0,,95.0,,75.0,80.0,95.0,100.0,80.0,95.0,90.0,120.0,95.0,90.0,100.0,95.0,75.0,100.0,80.0,90.0,120.0,70.0,100.0,120.0,80.0,100.0
205,Price,,10.0,,10.0,,12.3,11.5,10.0,9.0,11.5,10.0,9.8,9.2,10.0,9.8,10.0,10.0,12.3,10.0,11.0,9.8,9.2,12.0,9.0,9.2,11.0,9.0
205,DSO,60.0,,60.0,,60.0,,,,,,,,,,,,,,,,,,,,,,
206,Quantity,,100.0,,70.0,,90.0,100.0,95.0,90.0,100.0,95.0,90.0,100.0,130.0,100.0,100.0,95.0,90.0,120.0,130.0,90.0,80.0,95.0,75.0,100.0,95.0,75.0
206,Price,,10.0,,12.0,,9.8,10.0,10.0,9.8,10.0,10.0,9.8,10.0,9.0,9.0,10.0,10.0,9.8,9.2,9.0,9.8,11.5,10.0,12.3,10.0,10.0,12.3
206,DSO,60.0,,60.0,,60.0,,,,,,,,,,,,,,,,,,,,,,
207,Quantity,,80.0,,125.0,,100.0,100.0,70.0,75.0,120.0,125.0,75.0,100.0,70.0,90.0,80.0,125.0,90.0,100.0,95.0,80.0,100.0,95.0,90.0,100.0,130.0,90.0
207,Price,,11.5,,9.5,,9.0,10.0,12.0,12.3,9.2,9.5,12.3,10.0,12.0,9.8,11.5,9.5,9.8,10.0,10.0,11.0,10.0,10.0,9.8,10.0,9.0,9.8
207,DSO,60.0,,90.0,,45.0,,,,,,,,,,,,,,,,,,,,,,
208,Quantity,,120.0,,95.0,,90.0,120.0,125.0,90.0,100.0,80.0,100.0,90.0,95.0,80.0,110.0,80.0,100.0,80.0,95.0,100.0,100.0,130.0,90.0,80.0,95.0,90.0
208,Price,,9.2,,10.0,,9.8,9.2,9.5,9.8,10.0,11.0,9.0,10.5,10.0,11.0,9.5,11.0,9.0,11.5,10.0,9.0,10.0,9.0,9.8,11.5,10.0,9.8
208,DSO,60.0,,60.0,,60.0,,,,,,,,,,,,,,,,,,,,,,
209,Quantity,,80.0,,95.0,,90.0,100.0,70.0,90.0,120.0,80.0,90.0,110.0,95.0,90.0,100.0,70.0,90.0,100.0,95.0,90.0,100.0,130.0,75.0,120.0,130.0,90.0
209,Price,,11.5,,10.0,,9.8,10.0,12.0,9.8,9.2,11.0,9.8,9.5,10.0,9.8,10.0,12.0,9.8,10.0,10.0,9.8,10.0,9.0,12.3,9.2,9.0,9.8
209,DSO,45.0,,60.0,,60.0,,,,,,,,,,,,,,,,,,,,,,
210,Quantity,,110.0,,80.0,,75.0,80.0,125.0,80.0,100.0,125.0,90.0,100.0,80.0,75.0,100.0,130.0,80.0,80.0,95.0,90.0,100.0,95.0,100.0,100.0,95.0,90.0
210,Price,,9.5,,11.0,,12.3,11.5,9.5,11.0,10.0,9.5,9.8,10.0,11.0,12.3,10.0,9.0,11.0,11.5,10.0,9.8,10.0,10.0,9.0,10.0,10.0,9.8
210,DSO,60.0,,60.0,,90.0,,,,,,,,,,,,,,,,,,,,,,
211,Quantity,,100.0,,125.0,,90.0,110.0,95.0,90.0,80.0,95.0,75.0,100.0,125.0,90.0,80.0,95.0,140.0,100.0,70.0,140.0,80.0,95.0,90.0,100.0,80.0,75.0
211,Price,,10.0,,9.5,,9.8,9.5,10.0,9.8,11.5,10.0,12.3,10.0,9.5,9.8,11.5,10.0,8.8,10.0,12.0,8.8,11.5,10.0,9.8,10.0,11.0,12.3
211,DSO,90.0,,60.0,,60.0,,,,,,,,,,,,,,,,,,,,,,
212,Quantity,,100.0,,95.0,,100.0,100.0,95.0,100.0,100.0,95.0,100.0,80.0,95.0,100.0,110.0,95.0,90.0,110.0,125.0,75.0,110.0,70.0,90.0,80.0,95.0,100.0
212,Price,,10.0,,10.0,,9.0,10.0,10.0,9.0,10.0,10.0,9.0,11.5,10.0,9.0,9.5,10.0,9.8,9.5,9.5,12.3,9.5,12.0,9.8,11.5,10.0,9.0
212,DSO,60.0,,45.0,,45.0,,,,,,,,,,,,,,,,,,,,,,
213,Quantity,,100.0,,95.0,,90.0,110.0,95.0,90.0,100.0,95.0,100.0,100.0,70.0,100.0,110.0,95.0,90.0,100.0,95.0,90.0,100.0,95.0,90.0,90.0,70.0,80.0
213,Price,,10.0,,10.0,,9.8,9.5,10.0,9.8,10.0,10.0,9.0,10.0,12.0,9.0,9.5,10.0,9.8,10.0,10.0,9.8,10.0,10.0,9.8,10.5,12.0,11.0
213,DSO,60.0,,60.0,,60.0,,,,,,,,,,,,,,,,,,,,,,
214,Quantity,,100.0,,125.0,,75.0,100.0,95.0,100.0,110.0,95.0,80.0,90.0,95.0,90.0,90.0,95.0,100.0,110.0,95.0,90.0,100.0,80.0,90.0,100.0,95.0,100.0
214,Price,,10.0,,9.5,,12.3,10.0,10.0,9.0,9.5,10.0,11.0,10.5,10.0,9.8,10.5,10.0,9.0,9.5,10.0,9.8,10.0,11.0,9.8,10.0,10.0,9.0
214,DSO,90.0,,60.0,,60.0,,,,,,,,,,,,,,,,,,,,,,
215,Quantity,,90.0,,70.0,,90.0,100.0,80.0,90.0,100.0,70.0,90.0,120.0,95.0,75.0,100.0,125.0,75.0,100.0,80.0,100.0,90.0,125.0,140.0,100.0,125.0,90.0
215,Price,,10.5,,12.0,,9.8,10.0,11.0,9.8,10.0,12.0,9.8,9.2,10.0,12.3,10.0,9.5,12.3,10.0,11.0,9.0,10.5,9.5,8.8,10.0,9.5,9.8
215,DSO,60.0,,60.0,,60.0,,,,,,,,,,,,,,,,,,,,,,
216,Quantity,,110.0,,95.0,,140.0,80.0,130.0,75.0,90.0,130.0,90.0,100.0,130.0,90.0,100.0,80.0,90.0,90.0,125.0,80.0,110.0,95.0,80.0,110.0,95.0,90.0
216,Price,,9.5,,10.0,,8.8,11.5,9.0,12.3,10.5,9.0,9.8,10.0,9.0,9.8,10.0,11.0,9.8,10.5,9.5,11.0,9.5,10.0,11.0,9.5,10.0,9.8
216,DSO,60.0,,90.0,,60.0,,,,,,,,,,,,,,,,,,,,,,
217,Quantity,,100.0,,125.0,,100.0,110.0,95.0,90.0,100.0,130.0,90.0,80.0,95.0,90.0,120.0,95.0,90.0,100.0,70.0,90.0,100.0,125.0,90.0,100.0,130.0,90.0
217,Price,,10.0,,9.5,,9.0,9.5,10.0,9.8,10.0,9.0,9.8,11.5,10.0,9.8,9.2,10.0,9.8,10.0,12.0,9.8,10.0,9.5,9.8,10.0,9.0,9.8
217,DSO,60.0,,60.0,,90.0,,,,,,,,,,,,,,,,,,,,,,
218,Quantity,,100.0,,95.0,,90.0,100.0,95.0,100.0,80.0,70.0,90.0,100.0,130.0,140.0,90.0,95.0,140.0,110.0,125.0,90.0,100.0,95.0,90.0,90.0,95.0,90.0
218,Price,,10.0,,10.0,,9.8,10.0,10.0,9.0,11.5,12.0,9.8,10.0,9.0,8.8,10.5,10.0,8.8,9.5,9.5,9.8,10.0,10.0,9.8,10.5,10.0,9.8
218,DSO,60.0,,90.0,,60.0,,,,,,,,,,,,,,,,,,,,,,
219,Quantity,,80.0,,95.0,,75.0,100.0,80.0,90.0,100.0,95.0,75.0,100.0,70.0,90.0,100.0,70.0,80.0,100.0,95.0,100.0,120.0,95.0,140.0,110.0,80.0,100.0
219,Price,,11.5,,10.0,,12.3,10.0,11.0,9.8,10.0,10.0,12.3,10.0,12.0,9.8,10.0,12.0,11.0,10.0,10.0,9.0,9.2,10.0,8.8,9.5,11.0,9.0
219,DSO,90.0,,60.0,,45.0,,,,,,,,,,,,,,,,,,,,,,
220,Quantity,,120.0,,70.0,,90.0,90.0,130.0,75.0,110.0,95.0,100.0,120.0,95.0,75.0,100.0,130.0,90.0,80.0,95.0,80.0,90.0,70.0,75.0,100.0,95.0,75.0
220,Price,,9.2,,12.0,,9.8,10.5,9.0,12.3,9.5,10.0,9.0,9.2,10.0,12.3,10.0,9.0,9.8,11.5,10.0,11.0,10.5,12.0,12.3,10.0,10.0,12.3
220,DSO,60.0,,60.0,,60.0,,,,,,,,,,,,,,,,,,,,,,
221,Quantity,,80.0,,80.0,,140.0,100.0,70.0,90.0,90.0,95.0,140.0,100.0,125.0,80.0,100.0,125.0,90.0,100.0,80.0,90.0,100.0,95.0,75.0,100.0,70.0,140.0
221,Price,,11.5,,11.0,,8.8,10.0,12.0,9.8,10.5,10.0,8.8,10.0,9.5,11.0,10.0,9.5,9.8,10.0,11.0,9.8,10.0,10.0,12.3,10.0,12.0,8.8
221,DSO,60.0,,90.0,,60.0,,,,,,,,,,,,,,,,,,,,,,
222,Quantity,,110.0,,95.0,,90.0,80.0,125.0,80.0,100.0,95.0,80.0,110.0,95.0,90.0,100.0,80.0,75.0,80.0,130.0,90.0,100.0,70.0,100.0,120.0,95.0,80.0
222,Price,,9.5,,10.0,,9.8,11.5,9.5,11.0,10.0,10.0,11.0,9.5,10.0,9.8,10.0,11.0,12.3,11.5,9.0,9.8,10.0,12.0,9.0,9.2,10.0,11.0
222,DSO,90.0,,45.0,,45.0,,,,,,,,,,,,,,,,,,,,,,
223,Quantity,,100.0,,95.0,,80.0,120.0,95.0,90.0,110.0,125.0,90.0,80.0,95.0,100.0,80.0,95.0,100.0,100.0,95.0,140.0,110.0,125.0,90.0,80.0,125.0,90.0
223,Price,,10.0,,10.0,,11.0,9.2,10.0,9.8,9.5,9.5,9.8,11.5,10.0,9.0,11.5,10.0,9.0,10.0,10.0,8.8,9.5,9.5,9.8,11.5,9.5,9.8
223,DSO,60.0,,60.0,,60.0,,,,,,,,,,,,,,,,,,,,,,
224,Quantity,,100.0,,130.0,,90.0,100.0,95.0,140.0,100.0,70.0,90.0,100.0,80.0,90.0,110.0,95.0,90.0,120.0,95.0,75.0,80.0,95.0,90.0,100.0,95.0,90.0
224,Price,,10.0,,9.0,,9.8,10.0,10.0,8.8,10.0,12.0,9.8,10.0,11.0,9.8,9.5,10.0,9.8,9.2,10.0,12.3,11.5,10.0,9.8,10.0,10.0,9.8
224,DSO,45.0,,60.0,,60.0,,,,,,,,,,,,,,,,,,,,,,
225,Quantity,,90.0,,95.0,,90.0,110.0,95.0,80.0,110.0,95.0,90.0,80.0,125.0,75.0,100.0,95.0,80.0,90.0,95.0,75.0,110.0,70.0,90.0,100.0,130.0,90.0
225,Price,,10.5,,10.0,,9.8,9.5,10.0,11.0,9.5,10.0,9.8,11.5,9.5,12.3,10.0,10.0,11.0,10.5,10.0,12.3,9.5,12.0,9.8,10.0,9.0,9.8
225,DSO,45.0,,45.0,,60.0,,,,,,,,,,,,,,,,,,,,,,
226,Quantity,,110.0,,70.0,,75.0,100.0,95.0,90.0,100.0,95.0,90.0,100.0,95.0,90.0,100.0,95.0,90.0,100.0,95.0,100.0,80.0,95.0,90.0,110.0,95.0,90.0
226,Price,,9.5,,12.0,,12.3,10.0,10.0,9.8,10.0,10.0,9.8,10.0,10.0,9.8,10.0,10.0,9.8,10.0,10.0,9.0,11.5,10.0,9.8,9.5,10.0,9.8
226,DSO,60.0,,60.0,,60.0,,,,,,,,,,,,,,,,,,,,,,
227,Quantity,,100.0,,125.0,,90.0,100.0,130.0,100.0,90.0,130.0,100.0,100.0,95.0,100.0,80.0,80.0,90.0,110.0,125.0,90.0,100.0,95.0,75.0,80.0,80.0,75.0
227,Price,,10.0,,9.5,,9.8,10.0,9.0,9.0,10.5,9.0,9.0,10.0,10.0,9.0,11.5,11.0,9.8,9.5,9.5,9.8,10.0,10.0,12.3,11.5,11.0,12.3
227,DSO,90.0,,60.0,,60.0,,,,,,,,,,,,,,,,,,,,,,
228,Quantity,,100.0,,95.0,,100.0,80.0,80.0,90.0,100.0,70.0,75.0,110.0,80.0,90.0,110.0,125.0,140.0,100.0,70.0,90.0,100.0,125.0,100.0,100.0,95.0,100.0
228,Price,,10.0,,10.0,,9.0,11.5,11.0,9.8,10.0,12.0,12.3,9.5,11.0,9.8,9.5,9.5,8.8,10.0,12.0,9.8,10.0,9.5,9.0,10.0,10.0,9.0
228,DSO,60.0,,60.0,,60.0,,,,,,,,,,,,,,,,,,,,,,
229,Quantity,,100.0,,95.0,,90.0,100.0,125.0,100.0,100.0,125.0,75.0,100.0,95.0,90.0,120.0,130.0,100.0,110.0,95.0,75.0,120.0,95.0,140.0,100.0,70.0,80.0
229,Price,,10.0,,10.0,,9.8,10.0,9.5,9.0,10.0,9.5,12.3,10.0,10.0,9.8,9.2,9.0,9.0,9.5,10.0,12.3,9.2,10.0,8.8,10.0,12.0,11.0
229,DSO,60.0,,90.0,,60.0,,,,,,,,,,,,,,,,,,,,,,
230,Quantity,,100.0,,125.0,,80.0,90.0,70.0,90.0,120.0,80.0,140.0,120.0,130.0,100.0,80.0,70.0,90.0,100.0,95.0,100.0,80.0,130.0,80.0,80.0,95.0,100.0
230,Price,,10.0,,9.5,,11.0,10.5,12.0,9.8,9.2,11.0,8.8,9.2,9.0,9.0,11.5,12.0,9.8,10.0,10.0,9.0,11.5,9.0,11.0,11.5,10.0,9.0
230,DSO,90.0,,60.0,,90.0,,,,,,,,,,,,,,,,,,,,,,
231,Quantity,,80.0,,80.0,,90.0,110.0,95.0,75.0,100.0,95.0,90.0,90.0,70.0,90.0,100.0,95.0,90.0,80.0,130.0,90.0,100.0,70.0,90.0,110.0,125.0,90.0
231,Price,,11.5,,11.0,,9.8,9.5,10.0,12.3,10.0,10.0,9.8,10.5,12.0,9.8,10.0,10.0,9.8,11.5,9.0,9.8,10.0,12.0,9.8,9.5,9.5,9.8
231,DSO,60.0,,60.0,,60.0,,,,,,,,,,,,,,,,,,,,,,
232,Quantity,,120.0,,95.0,,140.0,100.0,95.0,90.0,80.0,95.0,90.0,100.0,95.0,75.0,100.0,95.0,75.0,100.0,70.0,90.0,100.0,95.0,90.0,100.0,95.0,90.0
232,Price,,9.2,,10.0,,8.8,10.0,10.0,9.8,11.5,10.0,9.8,10.0,10.0,12.3,10.0,10.0,12.3,10.0,12.0,9.8,10.0,10.0,9.8,10.0,10.0,9.8
232,DSO,60.0,,60.0,,45.0,,,,,,,,,,,,,,,,,,,,,,
233,Quantity,,100.0,,130.0,,100.0,100.0,125.0,100.0,100.0,95.0,90.0,110.0,70.0,100.0,110.0,70.0,100.0,120.0,125.0,75.0,90.0,70.0,100.0,80.0,130.0,90.0
233,Price,,10.0,,9.0,,9.0,10.0,9.5,9.0,10.0,10.0,9.8,9.5,12.0,9.0,9.5,12.0,9.0,9.2,9.5,12.3,10.5,12.0,9.0,11.5,9.0,9.8
233,DSO,60.0,,60.0,,60.0,,,,,,,,,,,,,,,,,,,,,,
234,Quantity,,100.0,,95.0,,90.0,90.0,70.0,90.0,90.0,95.0,90.0,100.0,95.0,90.0,90.0,125.0,90.0,100.0,70.0,140.0,120.0,95.0,80.0,100.0,95.0,90.0
234,Price,,10.0,,10.0,,9.8,10.5,12.0,9.8,10.5,10.0,9.8,10.0,10.0,9.8,10.5,9.5,9.8,10.0,12.0,8.8,9.2,10.0,11.0,10.0,10.0,9.8
234,DSO,60.0,,60.0,,45.0,,,,,,,,,,,,,,,,,,,,,,
235,Quantity,,90.0,,95.0,,75.0,110.0,95.0,75.0,100.0,80.0,100.0,100.0,95.0,80.0,100.0,95.0,90.0,80.0,95.0,90.0,100.0,95.0,90.0,100.0,80.0,100.0
235,Price,,10.5,,10.0,,12.3,9.5,10.0,12.3,10.0,11.0,9.0,10.0,10.0,11.0,10.0,10.0,9.8,11.5,10.0,9.8,10.0,10.0,9.8,10.0,11.0,9.0
235,DSO,90.0,,90.0,,60.0,,,,,,,,,,,,,,,,,,,,,,
236,Quantity,,110.0,,80.0,,90.0,100.0,95.0,90.0,110.0,125.0,75.0,90.0,130.0,90.0,100.0,95.0,80.0,100.0,95.0,90.0,100.0,130.0,90.0,120.0,95.0,75.0
236,Price,,9.5,,11.0,,9.8,10.0,10.0,9.8,9.5,9.5,12.3,10.5,9.0,9.8,10.0,10.0,11.0,10.0,10.0,9.8,10.0,9.0,9.8,9.2,10.0,12.3
236,DSO,60.0,,45.0,,60.0,,,,,,,,,,,,,,,,,,,,,,
237,Quantity,,80.0,,70.0,,100.0,120.0,95.0,80.0,80.0,70.0,80.0,100.0,95.0,90.0,100.0,95.0,75.0,80.0,130.0,80.0,80.0,95.0,90.0,110.0,70.0,140.0
237,Price,,11.5,,12.0,,9.0,9.2,10.0,11.0,11.5,12.0,11.0,10.0,10.0,9.8,10.0,10.0,12.3,11.5,9.0,11.0,11.5,10.0,9.8,9.5,12.0,8.8
237,DSO,60.0,,60.0,,90.0,,,,,,,,,,,,,,,,,,,,,,
238,Quantity,,120.0,,95.0,,90.0,100.0,95.0,90.0,100.0,130.0,140.0,80.0,80.0,75.0,100.0,95.0,90.0,100.0,80.0,100.0,110.0,125.0,90.0,100.0,95.0,80.0
238,Price,,9.2,,10.0,,9.8,10.0,10.0,9.8,10.0,9.0,8.8,11.5,11.0,12.3,10.0,10.0,9.8,10.0,11.0,9.0,9.5,9.5,9.8,10.0,10.0,11.0
238,DSO,60.0,,60.0,,60.0,,,,,,,,,,,,,,,,,,,,,,
239,Quantity,,100.0,,95.0,,75.0,100.0,130.0,140.0,110.0,95.0,90.0,110.0,125.0,90.0,80.0,130.0,90.0,110.0,95.0,90.0,100.0,80.0,75.0,100.0,125.0,90.0
239,Price,,10.0,,10.0,,12.3,10.0,9.0,8.8,9.5,10.0,9.8,9.5,9.5,9.8,11.5,9.0,9.8,9.5,10.0,9.8,10.0,11.0,12.3,10.0,9.5,9.8
239,DSO,60.0,,45.0,,45.0,,,,,,,,,,,,,,,,,,,,,,
240,Quantity,,100.0,,125.0,,90.0,80.0,80.0,90.0,100.0,95.0,90.0,100.0,95.0,140.0,110.0,70.0,100.0,100.0,95.0,90.0,100.0,95.0,100.0,90.0,95.0,90.0
240,Price,,10.0,,9.5,,9.8,11.5,11.0,9.8,10.0,10.0,9.8,10.0,10.0,8.8,9.5,12.0,9.0,10.0,10.0,9.8,10.0,10.0,9.0,10.5,10.0,9.8
240,DSO,45.0,,60.0,,60.0,,,,,,,,,,,,,,,,,,,,,,
241,Quantity,,100.0,,80.0,,90.0,100.0,125.0,90.0,120.0,95.0,80.0,100.0,95.0,90.0,100.0,80.0,90.0,110.0,95.0,140.0,100.0,95.0,90.0,110.0,125.0,90.0
241,Price,,10.0,,11.0,,9.8,10.0,9.5,9.8,9.2,10.0,11.0,10.0,10.0,9.8,10.0,11.0,9.8,9.5,10.0,8.8,10.0,10.0,9.8,9.5,9.5,9.8
241,DSO,60.0,,60.0,,60.0,,,,,,,,,,,,,,,,,,,,,,
242,Quantity,,100.0,,95.0,,140.0,120.0,70.0,100.0,100.0,95.0,140.0,80.0,130.0,100.0,100.0,125.0,80.0,100.0,95.0,75.0,100.0,80.0,90.0,100.0,95.0,90.0
242,Price,,10.0,,10.0,,8.8,9.2,12.0,9.0,10.0,10.0,8.8,11.5,9.0,9.0,10.0,9.5,11.0,10.0,10.0,12.3,10.0,11.0,9.8,10.0,10.0,9.8
242,DSO,60.0,,60.0,,60.0,,,,,,,,,,,,,,,,,,,,,,
243,Quantity,,80.0,,95.0,,90.0,80.0,95.0,90.0,80.0,130.0,90.0,120.0,70.0,90.0,80.0,95.0,140.0,90.0,125.0,90.0,120.0,125.0,100.0,100.0,70.0,75.0
243,Price,,11.5,,10.0,,9.8,11.5,10.0,9.8,11.5,9.0,9.8,9.2,12.0,9.8,11.5,10.0,8.8,10.5,9.5,9.8,9.2,9.5,9.0,10.0,12.0,12.3
243,DSO,60.0,,60.0,,60.0,,,,,,,,,,,,,,,,,,,,,,
244,Quantity,,120.0,,130.0,,80.0,100.0,95.0,75.0,100.0,70.0,90.0,100.0,95.0,80.0,110.0,95.0,90.0,100.0,70.0,90.0,90.0,95.0,75.0,90.0,95.0,140.0
244,Price,,9.2,,9.0,,11.0,10.0,10.0,12.3,10.0,12.0,9.8,10.0,10.0,11.0,9.5,10.0,9.8,10.0,12.0,9.8,10.5,10.0,12.3,10.5,10.0,8.8
244,DSO,60.0,,90.0,,60.0,,,,,,,,,,,,,,,,,,,,,,
245,Quantity,,90.0,,125.0,,90.0,90.0,95.0,90.0,100.0,125.0,90.0,110.0,125.0,75.0,120.0,95.0,90.0,80.0,95.0,100.0,100.0,130.0,80.0,80.0,80.0,75.0
245,Price,,10.5,,9.5,,9.8,10.5,10.0,9.8,10.0,9.5,9.8,9.5,9.5,12.3,9.2,10.0,9.8,11.5,10.0,9.0,10.0,9.0,11.0,11.5,11.0,12.3
245,DSO,60.0,,60.0,,45.0,,,,,,,,,,,,,,,,,,,,,,
246,Quantity,,110.0,,95.0,,100.0,100.0,95.0,75.0,110.0,80.0,90.0,100.0,95.0,90.0,90.0,95.0,100.0,100.0,95.0,80.0,100.0,95.0,140.0,100.0,95.0,100.0
246,Price,,9.5,,10.0,,9.0,10.0,10.0,12.3,9.5,11.0,9.8,10.0,10.0,9.8,10.5,10.0,9.0,10.0,10.0,11.0,10.0,10.0,8.8,10.0,10.0,9.0
246,DSO,90.0,,60.0,,60.0,,,,,,,,,,,,,,,,,,,,,,
247,Quantity,,100.0,,95.0,,90.0,100.0,125.0,90.0,100.0,95.0,100.0,100.0,95.0,140.0,100.0,125.0,75.0,120.0,125.0,90.0,110.0,95.0,90.0,100.0,130.0,90.0
247,Price,,10.0,,10.0,,9.8,10.0,9.5,9.8,10.0,10.0,9.0,10.0,10.0,8.8,10.0,9.5,12.3,9.2,9.5,9.8,9.5,10.0,9.8,10.0,9.0,9.8
247,DSO,60.0,,90.0,,90.0,,,,,,,,,,,,,,,,,,,,,,
248,Quantity,,100.0,,70.0,,75.0,110.0,70.0,140.0,80.0,95.0,75.0,80.0,80.0,90.0,100.0,70.0,90.0,100.0,80.0,90.0,80.0,70.0,90.0,120.0,95.0,90.0
248,Price,,10.0,,12.0,,12.3,9.5,12.0,8.8,11.5,10.0,12.3,11.5,11.0,9.8,10.0,12.0,9.8,10.0,11.0,9.8,11.5,12.0,9.8,9.2,10.0,9.8
248,DSO,60.0,,45.0,,60.0,,,,,,,,,,,,,,,,,,,,,,
249,Quantity,,80.0,,95.0,,80.0,90.0,95.0,90.0,100.0,95.0,80.0,100.0,95.0,90.0,120.0,95.0,90.0,80.0,125.0,100.0,100.0,95.0,75.0,100.0,125.0,90.0
249,Price,,11.5,,10.0,,11.0,10.5,10.0,9.8,10.0,10.0,11.0,10.0,10.0,9.8,9.2,10.0,9.8,11.5,9.5,9.0,10.0,10.0,12.3,10.0,9.5,9.8
249,DSO,60.0,,60.0,,90.0,,,,,,,,,,,,,,,,,,,,,,
250,Quantity,,120.0,,125.0,,90.0,100.0,95.0,80.0,80.0,95.0,100.0,110.0,70.0,80.0,90.0,95.0,140.0,100.0,70.0,80.0,100.0,70.0,140.0,80.0,95.0,90.0
250,Price,,9.2,,9.5,,9.8,10.0,10.0,11.0,11.5,10.0,9.0,9.5,12.0,11.0,10.5,10.0,8.8,10.0,12.0,11.0,10.0,12.0,8.8,11.5,10.0,9.8
250,DSO,60.0,,45.0,,60.0,,,,,,,,,,,,,,,,,,,,,,
251,Quantity,,100.0,,70.0,,140.0,100.0,125.0,90.0,100.0,70.0,90.0,80.0,125.0,90.0,100.0,80.0,75.0,120.0,95.0,90.0,80.0,130.0,90.0,120.0,70.0,140.0
251,Price,,10.0,,12.0,,8.8,10.0,9.5,9.8,10.0,12.0,9.8,11.5,9.5,9.8,10.0,11.0,12.3,9.2,10.0,9.8,11.5,9.0,9.8,9.2,12.0,8.8
251,DSO,90.0,,60.0,,45.0,,,,,,,,,,,,,,,,,,,,,,
252,Quantity,,100.0,,95.0,,90.0,110.0,70.0,140.0,120.0,125.0,90.0,100.0,95.0,100.0,100.0,125.0,90.0,100.0,95.0,90.0,110.0,95.0,90.0,100.0,95.0,80.0
252,Price,,10.0,,10.0,,9.8,9.5,12.0,8.8,9.2,9.5,9.8,10.0,10.0,9.0,10.0,9.5,9.8,10.0,10.0,9.8,9.5,10.0,9.8,10.0,10.0,11.0
252,DSO,60.0,,60.0,,60.0,,,,,,,,,,,,,,,,,,,,,,
253,Quantity,,100.0,,95.0,,75.0,100.0,130.0,90.0,90.0,70.0,90.0,90.0,70.0,140.0,100.0,130.0,90.0,110.0,130.0,140.0,100.0,125.0,90.0,100.0,70.0,100.0
253,Price,,10.0,,10.0,,12.3,10.0,9.0,9.8,10.5,12.0,9.8,10.5,12.0,8.8,10.0,9.0,9.8,9.5,9.0,8.8,10.0,9.5,9.8,10.0,12.0,9.0
253,DSO,60.0,,60.0,,60.0,,,,,,,,,,,,,,,,,,,,,,
254,Quantity,,100.0,,80.0,,90.0,120.0,80.0,100.0,100.0,130.0,90.0,100.0,95.0,90.0,100.0,70.0,75.0,100.0,80.0,75.0,100.0,95.0,90.0,110.0,95.0,75.0
254,Price,,10.0,,11.0,,9.8,9.2,11.0,9.0,10.0,9.0,9.8,10.0,10.0,9.8,10.0,12.0,12.3,10.0,11.0,12.3,10.0,10.0,9.8,9.5,10.0,12.3
254,DSO,90.0,,90.0,,45.0,,,,,,,,,,,,,,,,,,,,,,
255,Quantity,,80.0,,130.0,,100.0,80.0,95.0,90.0,110.0,95.0,100.0,100.0,95.0,75.0,80.0,95.0,100.0,90.0,95.0,90.0,90.0,95.0,100.0,90.0,125.0,90.0
255,Price,,11.5,,9.0,,9.0,11.5,10.0,9.8,9.5,10.0,9.0,10.0,10.0,12.3,11.5,10.0,9.0,10.5,10.0,9.8,10.5,10.0,9.0,10.5,9.5,9.8
255,DSO,60.0,,60.0,,60.0,,,,,,,,,,,,,,,,,,,,,,
256,Quantity,,110.0,,95.0,,90.0,100.0,95.0,75.0,100.0,95.0,75.0,120.0,125.0,90.0,110.0,95.0,90.0,100.0,95.0,90.0,120.0,80.0,75.0,100.0,95.0,90.0
256,Price,,9.5,,10.0,,9.8,10.0,10.0,12.3,10.0,10.0,12.3,9.2,9.5,9.8,9.5,10.0,9.8,10.0,10.0,9.8,9.2,11.0,12.3,10.0,10.0,9.8
256,DSO,45.0,,60.0,,90.0,,,,,,,,,,,,,,,,,,,,,,
